198.791	1043.67
199.266	-188.33
199.74	27.67
200.215	-19.33
200.69	173.67
201.164	168.67
201.639	170.67
202.114	231.67
202.588	204.67
203.063	228.67
203.537	199.67
204.012	183.67
204.486	204.67
204.961	231.67
205.435	221.67
205.909	221.67
206.384	244.67
206.858	224.67
207.332	260.67
207.807	256.67
208.281	225.67
208.755	275.67
209.229	252.67
209.703	233.67
210.177	248.67
210.651	237.67
211.126	252.67
211.6	279.67
212.074	271.67
212.548	232.67
213.021	261.67
213.495	265.67
213.969	286.67
214.443	322.67
214.917	292.67
215.391	340.67
215.864	328.67
216.338	332.67
216.812	337.67
217.286	373.67
217.759	369.67
218.233	389.67
218.706	350.67
219.18	355.67
219.654	352.67
220.127	402.67
220.6	418.67
221.074	397.67
221.547	410.67
222.021	447.67
222.494	426.67
222.967	495.67
223.441	533.67
223.914	537.67
224.387	492.67
224.86	565.67
225.334	595.67
225.807	598.67
226.28	666.67
226.753	720.67
227.226	671.67
227.699	761.67
228.172	749.67
228.645	781.67
229.118	896.67
229.591	906.67
230.064	927.67
230.537	1012.67
231.01	1019.67
231.482	1084.67
231.955	1292.67
232.428	1231.67
232.901	1230.67
233.373	1277.67
233.846	1373.67
234.319	1441.67
234.791	1479.67
235.264	1544.67
235.736	1556.67
236.209	1679.67
236.681	1765.67
237.154	1725.67
237.626	1817.67
238.099	1928.67
238.571	1924.67
239.044	2010.67
239.516	2043.67
239.988	2165.67
240.46	2152.67
240.933	2313.67
241.405	2280.67
241.877	2295.67
242.349	2336.67
242.821	2264.67
243.293	2308.67
243.765	2332.67
244.237	2336.67
244.71	2282.67
245.181	2247.67
245.653	2271.67
246.125	2326.67
246.597	2233.67
247.069	2291.67
247.541	2202.67
248.013	2193.67
248.485	2228.67
248.956	2327.67
249.428	2307.67
249.9	2431.67
250.371	2487.67
250.843	2578.67
251.315	2720.67
251.786	2830.67
252.258	2957.67
252.729	3179.67
253.201	3293.67
253.672	3513.67
254.144	3562.67
254.615	3764.67
255.086	3796.67
255.558	3865.67
256.029	3969.67
256.5	3974.67
256.972	4049.67
257.443	4161.67
257.914	4131.67
258.385	4159.67
258.856	4176.67
259.327	4248.67
259.799	4164.67
260.27	4299.67
260.741	4330.67
261.212	4270.67
261.683	4213.67
262.154	4318.67
262.624	4319.67
263.095	4260.67
263.566	4337.67
264.037	4295.67
264.508	4371.67
264.979	4328.67
265.449	4192.67
265.92	4266.67
266.391	4277.67
266.861	4195.67
267.332	4263.67
267.803	4038.67
268.273	4063.67
268.744	3964.67
269.214	3920.67
269.685	3844.67
270.155	3790.67
270.626	3742.67
271.096	3700.67
271.566	3545.67
272.037	3412.67
272.507	3357.67
272.977	3268.67
273.448	3212.67
273.918	3238.67
274.388	3148.67
274.858	3162.67
275.328	3056.67
275.798	3126.67
276.268	3109.67
276.738	3099.67
277.208	3039.67
277.678	3109.67
278.148	3141.67
278.618	3090.67
279.088	3015.67
279.558	3111.67
280.028	3227.67
280.498	3203.67
280.968	3305.67
281.437	3474.67
281.907	3610.67
282.377	3616.67
282.847	3680.67
283.316	3926.67
283.786	3856.67
284.255	3943.67
284.725	4038.67
285.194	4045.67
285.664	4107.67
286.133	4125.67
286.603	4119.67
287.072	4075.67
287.542	4118.67
288.011	4190.67
288.48	4228.67
288.95	4210.67
289.419	4286.67
289.888	4268.67
290.357	4166.67
290.827	4159.67
291.296	4240.67
291.765	4243.67
292.234	4242.67
292.703	4202.67
293.172	4133.67
293.641	4131.67
294.11	4090.67
294.579	4080.67
295.048	4121.67
295.517	4040.67
295.986	4020.67
296.455	3973.67
296.923	4004.67
297.392	3913.67
297.861	3794.67
298.33	3837.67
298.798	3769.67
299.267	3757.67
299.736	3757.67
300.204	3725.67
300.673	3698.67
301.141	3679.67
301.61	3630.67
302.079	3748.67
302.547	3643.67
303.015	3687.67
303.484	3642.67
303.952	3590.67
304.421	3628.67
304.889	3608.67
305.357	3653.67
305.825	3646.67
306.294	3508.67
306.762	3545.67
307.23	3494.67
307.698	3495.67
308.166	3421.67
308.634	3463.67
309.103	3510.67
309.571	3540.67
310.039	3553.67
310.507	3591.67
310.975	3628.67
311.442	3691.67
311.91	3690.67
312.378	3668.67
312.846	3751.67
313.314	3703.67
313.782	3826.67
314.249	3681.67
314.717	3747.67
315.185	3689.67
315.652	3678.67
316.12	3633.67
316.588	3612.67
317.055	3527.67
317.523	3512.67
317.99	3493.67
318.458	3501.67
318.925	3468.67
319.393	3442.67
319.86	3452.67
320.328	3384.67
320.795	3415.67
321.262	3434.67
321.73	3329.67
322.197	3307.67
322.664	3255.67
323.131	3318.67
323.598	3289.67
324.066	3278.67
324.533	3278.67
325	3290.67
325.467	3290.67
325.934	3259.67
326.401	3221.67
326.868	3262.67
327.335	3304.67
327.802	3350.67
328.269	3325.67
328.735	3426.67
329.202	3368.67
329.669	3320.67
330.136	3395.67
330.603	3423.67
331.069	3372.67
331.536	3437.67
332.003	3425.67
332.469	3398.67
332.936	3407.67
333.402	3364.67
333.869	3421.67
334.336	3294.67
334.802	3316.67
335.268	3236.67
335.735	3241.67
336.201	3156.67
336.668	3114.67
337.134	2977.67
337.6	2956.67
338.067	2930.67
338.533	2978.67
338.999	3089.67
339.465	3101.67
339.931	3104.67
340.398	3131.67
340.864	3234.67
341.33	3264.67
341.796	3296.67
342.262	3340.67
342.728	3250.67
343.194	3133.67
343.66	3215.67
344.126	3158.67
344.592	3156.67
345.057	3111.67
345.523	3162.67
345.989	3098.67
346.455	3028.67
346.921	3037.67
347.386	2905.67
347.852	2972.67
348.318	2926.67
348.783	2911.67
349.249	2896.67
349.714	2859.67
350.18	2904.67
350.645	2894.67
351.111	2900.67
351.576	2814.67
352.042	2938.67
352.507	2896.67
352.973	2867.67
353.438	2851.67
353.903	2955.67
354.369	2880.67
354.834	2846.67
355.299	2857.67
355.764	2923.67
356.229	2739.67
356.695	2841.67
357.16	2852.67
357.625	2776.67
358.09	2819.67
358.555	2743.67
359.02	2770.67
359.485	2734.67
359.95	2710.67
360.415	2702.67
360.879	2679.67
361.344	2624.67
361.809	2632.67
362.274	2647.67
362.739	2622.67
363.203	2602.67
363.668	2615.67
364.133	2515.67
364.597	2493.67
365.062	2631.67
365.527	2522.67
365.991	2489.67
366.456	2591.67
366.92	2496.67
367.385	2528.67
367.849	2566.67
368.314	2593.67
368.778	2552.67
369.242	2509.67
369.707	2524.67
370.171	2469.67
370.635	2506.67
371.1	2491.67
371.564	2507.67
372.028	2509.67
372.492	2509.67
372.956	2510.67
373.42	2556.67
373.884	2504.67
374.348	2551.67
374.812	2609.67
375.276	2644.67
375.74	2678.67
376.204	2706.67
376.668	2715.67
377.132	2780.67
377.596	2778.67
378.06	2710.67
378.524	2782.67
378.987	2794.67
379.451	2749.67
379.915	2769.67
380.378	2764.67
380.842	2673.67
381.306	2754.67
381.769	2709.67
382.233	2702.67
382.696	2643.67
383.16	2711.67
383.623	2646.67
384.087	2718.67
384.55	2680.67
385.014	2727.67
385.477	2642.67
385.94	2669.67
386.404	2695.67
386.867	2663.67
387.33	2654.67
387.793	2764.67
388.256	2748.67
388.72	2816.67
389.183	2867.67
389.646	2862.67
390.109	2779.67
390.572	2844.67
391.035	2909.67
391.498	2971.67
391.961	3054.67
392.424	3083.67
392.887	3141.67
393.35	3168.67
393.812	3268.67
394.275	3088.67
394.738	2979.67
395.201	2969.67
395.664	3054.67
396.126	3011.67
396.589	3047.67
397.052	3052.67
397.514	3118.67
397.977	3059.67
398.439	3208.67
398.902	3177.67
399.364	3096.67
399.827	2999.67
400.289	2926.67
400.752	2875.67
401.214	2765.67
401.676	2722.67
402.139	2670.67
402.601	2693.67
403.063	2676.67
403.525	2655.67
403.988	2632.67
404.45	2662.67
404.912	2618.67
405.374	2644.67
405.836	2674.67
406.298	2656.67
406.76	2654.67
407.222	2643.67
407.684	2625.67
408.146	2633.67
408.608	2630.67
409.07	2723.67
409.532	2819.67
409.994	2803.67
410.456	2887.67
410.917	2855.67
411.379	2825.67
411.841	2828.67
412.303	2872.67
412.764	2955.67
413.226	2966.67
413.687	3019.67
414.149	3019.67
414.611	2962.67
415.072	2923.67
415.534	2926.67
415.995	2922.67
416.457	2970.67
416.918	3020.67
417.379	2906.67
417.841	2899.67
418.302	2885.67
418.763	2902.67
419.225	2924.67
419.686	2895.67
420.147	3005.67
420.608	3012.67
421.069	2957.67
421.53	3132.67
421.991	3098.67
422.453	3037.67
422.914	2939.67
423.375	2824.67
423.836	2744.67
424.297	2654.67
424.757	2574.67
425.218	2498.67
425.679	2482.67
426.14	2367.67
426.601	2218.67
427.062	2155.67
427.522	2133.67
427.983	2009.67
428.444	1931.67
428.904	1921.67
429.365	1838.67
429.826	1854.67
430.286	1821.67
430.747	1773.67
431.207	1706.67
431.668	1645.67
432.128	1625.67
432.589	1586.67
433.049	1562.67
433.509	1610.67
433.97	1635.67
434.43	1687.67
434.89	1682.67
435.351	1669.67
435.811	1774.67
436.271	1746.67
436.731	1746.67
437.191	1782.67
437.651	1781.67
438.112	1787.67
438.572	1878.67
439.032	1882.67
439.492	1871.67
439.952	1832.67
440.412	1811.67
440.871	1834.67
441.331	1840.67
441.791	1823.67
442.251	1806.67
442.711	1812.67
443.171	1802.67
443.63	1811.67
444.09	1812.67
444.55	1868.67
445.009	1897.67
445.469	1909.67
445.929	1846.67
446.388	1940.67
446.848	1984.67
447.307	1910.67
447.767	2024.67
448.226	2005.67
448.686	1950.67
449.145	1986.67
449.604	2007.67
450.064	2013.67
450.523	1985.67
450.982	2014.67
451.442	2008.67
451.901	2000.67
452.36	2039.67
452.819	1968.67
453.278	2005.67
453.737	1936.67
454.197	1969.67
454.656	1962.67
455.115	1939.67
455.574	1875.67
456.033	1897.67
456.492	1876.67
456.95	1930.67
457.409	1904.67
457.868	1915.67
458.327	1809.67
458.786	1832.67
459.245	1816.67
459.703	1771.67
460.162	1790.67
460.621	1804.67
461.079	1745.67
461.538	1816.67
461.997	1762.67
462.455	1747.67
462.914	1727.67
463.372	1744.67
463.831	1774.67
464.289	1717.67
464.748	1688.67
465.206	1716.67
465.664	1737.67
466.123	1746.67
466.581	1764.67
467.039	1696.67
467.497	1725.67
467.956	1691.67
468.414	1664.67
468.872	1698.67
469.33	1651.67
469.788	1661.67
470.246	1634.67
470.704	1678.67
471.162	1627.67
471.62	1647.67
472.078	1649.67
472.536	1625.67
472.994	1674.67
473.452	1598.67
473.91	1621.67
474.368	1621.67
474.826	1543.67
475.283	1596.67
475.741	1630.67
476.199	1607.67
476.656	1559.67
477.114	1595.67
477.572	1641.67
478.029	1629.67
478.487	1571.67
478.944	1560.67
479.402	1561.67
479.859	1660.67
480.317	1562.67
480.774	1566.67
481.232	1602.67
481.689	1559.67
482.146	1567.67
482.604	1600.67
483.061	1587.67
483.518	1536.67
483.975	1598.67
484.433	1508.67
484.89	1598.67
485.347	1593.67
485.804	1546.67
486.261	1541.67
486.718	1538.67
487.175	1582.67
487.632	1538.67
488.089	1674.67
488.546	1560.67
489.003	1575.67
489.46	1599.67
489.917	1535.67
490.373	1558.67
490.83	1518.67
491.287	1562.67
491.744	1626.67
492.2	1599.67
492.657	1538.67
493.114	1516.67
493.57	1540.67
494.027	1565.67
494.484	1621.67
494.94	1591.67
495.397	1594.67
495.853	1582.67
496.31	1579.67
496.766	1592.67
497.222	1642.67
497.679	1652.67
498.135	1580.67
498.591	1632.67
499.048	1657.67
499.504	1637.67
499.96	1656.67
500.416	1666.67
500.872	1698.67
501.329	1664.67
501.785	1724.67
502.241	1700.67
502.697	1694.67
503.153	1721.67
503.609	1792.67
504.065	1792.67
504.521	1805.67
504.977	1714.67
505.432	1822.67
505.888	1806.67
506.344	1787.67
506.8	1906.67
507.256	1841.67
507.711	1952.67
508.167	1900.67
508.623	1950.67
509.078	1910.67
509.534	1987.67
509.99	1967.67
510.445	1965.67
510.901	2037.67
511.356	2093.67
511.812	2100.67
512.267	2073.67
512.722	2098.67
513.178	2136.67
513.633	2072.67
514.089	2116.67
514.544	2156.67
514.999	2153.67
515.454	2166.67
515.91	2225.67
516.365	2180.67
516.82	2240.67
517.275	2232.67
517.73	2241.67
518.185	2217.67
518.64	2265.67
519.095	2298.67
519.55	2307.67
520.005	2275.67
520.46	2300.67
520.915	2300.67
521.37	2270.67
521.825	2296.67
522.28	2288.67
522.734	2263.67
523.189	2323.67
523.644	2317.67
524.099	2227.67
524.553	2275.67
525.008	2259.67
525.462	2207.67
525.917	2188.67
526.372	2172.67
526.826	2233.67
527.281	2192.67
527.735	2232.67
528.19	2176.67
528.644	2144.67
529.098	2159.67
529.553	2202.67
530.007	2132.67
530.461	2169.67
530.916	2192.67
531.37	2177.67
531.824	2081.67
532.278	2148.67
532.732	2078.67
533.186	2093.67
533.641	2098.67
534.095	2071.67
534.549	2056.67
535.003	1983.67
535.457	2029.67
535.911	2042.67
536.365	1982.67
536.818	2054.67
537.272	1991.67
537.726	2030.67
538.18	2081.67
538.634	2008.67
539.087	2002.67
539.541	1976.67
539.995	2009.67
540.449	2070.67
540.902	1962.67
541.356	2050.67
541.809	2102.67
542.263	2048.67
542.716	2028.67
543.17	2014.67
543.623	2042.67
544.077	2004.67
544.53	2025.67
544.984	2075.67
545.437	2023.67
545.89	2121.67
546.344	2116.67
546.797	2048.67
547.25	2106.67
547.703	2116.67
548.157	2167.67
548.61	2130.67
549.063	2163.67
549.516	2160.67
549.969	2154.67
550.422	2261.67
550.875	2192.67
551.328	2218.67
551.781	2241.67
552.234	2275.67
552.687	2327.67
553.14	2300.67
553.592	2390.67
554.045	2400.67
554.498	2366.67
554.951	2346.67
555.404	2440.67
555.856	2400.67
556.309	2448.67
556.762	2498.67
557.214	2487.67
557.667	2467.67
558.119	2507.67
558.572	2594.67
559.024	2561.67
559.477	2623.67
559.929	2695.67
560.382	2728.67
560.834	2679.67
561.286	2724.67
561.739	2722.67
562.191	2777.67
562.643	2809.67
563.095	2895.67
563.548	2858.67
564	2891.67
564.452	2962.67
564.904	2970.67
565.356	2956.67
565.808	2909.67
566.26	3016.67
566.712	2942.67
567.164	2985.67
567.616	3026.67
568.068	3058.67
568.52	3117.67
568.972	3166.67
569.424	3152.67
569.876	3052.67
570.327	3135.67
570.779	3200.67
571.231	3111.67
571.682	3172.67
572.134	3254.67
572.586	3195.67
573.037	3270.67
573.489	3235.67
573.941	3203.67
574.392	3270.67
574.844	3296.67
575.295	3278.67
575.746	3270.67
576.198	3248.67
576.649	3276.67
577.101	3251.67
577.552	3278.67
578.003	3288.67
578.454	3296.67
578.906	3309.67
579.357	3294.67
579.808	3296.67
580.259	3328.67
580.71	3216.67
581.161	3286.67
581.612	3303.67
582.064	3257.67
582.515	3339.67
582.965	3298.67
583.416	3288.67
583.867	3331.67
584.318	3291.67
584.769	3327.67
585.22	3247.67
585.671	3329.67
586.122	3287.67
586.572	3285.67
587.023	3283.67
587.474	3297.67
587.924	3224.67
588.375	3323.67
588.826	3319.67
589.276	3313.67
589.727	3298.67
590.177	3292.67
590.628	3239.67
591.078	3311.67
591.529	3282.67
591.979	3301.67
592.429	3224.67
592.88	3214.67
593.33	3314.67
593.78	3316.67
594.231	3259.67
594.681	3332.67
595.131	3324.67
595.581	3269.67
596.031	3344.67
596.481	3250.67
596.932	3294.67
597.382	3351.67
597.832	3265.67
598.282	3331.67
598.732	3245.67
599.182	3397.67
599.632	3381.67
600.081	3371.67
600.531	3276.67
600.981	3355.67
601.431	3386.67
601.881	3378.67
602.33	3429.67
602.78	3332.67
603.23	3382.67
603.679	3392.67
604.129	3410.67
604.579	3367.67
605.028	3506.67
605.478	3464.67
605.927	3505.67
606.377	3510.67
606.826	3585.67
607.276	3527.67
607.725	3569.67
608.175	3586.67
608.624	3626.67
609.073	3596.67
609.522	3598.67
609.972	3713.67
610.421	3645.67
610.87	3719.67
611.319	3703.67
611.768	3749.67
612.218	3774.67
612.667	3770.67
613.116	3801.67
613.565	3867.67
614.014	3972.67
614.463	3913.67
614.912	3983.67
615.361	3924.67
615.81	3995.67
616.258	3985.67
616.707	4065.67
617.156	4015.67
617.605	4136.67
618.054	4103.67
618.502	4076.67
618.951	4173.67
619.4	4244.67
619.848	4123.67
620.297	4241.67
620.745	4197.67
621.194	4298.67
621.642	4301.67
622.091	4315.67
622.539	4367.67
622.988	4375.67
623.436	4365.67
623.885	4383.67
624.333	4469.67
624.781	4473.67
625.23	4482.67
625.678	4509.67
626.126	4551.67
626.574	4616.67
627.022	4586.67
627.471	4583.67
627.919	4670.67
628.367	4625.67
628.815	4665.67
629.263	4727.67
629.711	4751.67
630.159	4823.67
630.607	4858.67
631.055	4871.67
631.503	4878.67
631.95	4842.67
632.398	4983.67
632.846	4886.67
633.294	4988.67
633.742	4948.67
634.189	4934.67
634.637	4998.67
635.085	4992.67
635.532	5045.67
635.98	5025.67
636.427	5066.67
636.875	5102.67
637.323	5140.67
637.77	5135.67
638.217	5024.67
638.665	5087.67
639.112	5119.67
639.56	5174.67
640.007	5138.67
640.454	5107.67
640.902	5205.67
641.349	5180.67
641.796	5277.67
642.243	5242.67
642.69	5208.67
643.138	5302.67
643.585	5234.67
644.032	5205.67
644.479	5271.67
644.926	5199.67
645.373	5280.67
645.82	5208.67
646.267	5330.67
646.714	5351.67
647.161	5310.67
647.607	5388.67
648.054	5287.67
648.501	5248.67
648.948	5335.67
649.395	5300.67
649.841	5346.67
650.288	5461.67
650.735	5345.67
651.181	5441.67
651.628	5368.67
652.075	5468.67
652.521	5376.67
652.968	5406.67
653.414	5510.67
653.861	5474.67
654.307	5474.67
654.753	5450.67
655.2	5464.67
655.646	5595.67
656.092	5608.67
656.539	5665.67
656.985	5643.67
657.431	5546.67
657.877	5567.67
658.324	5561.67
658.77	5495.67
659.216	5653.67
659.662	5651.67
660.108	5669.67
660.554	5734.67
661	5797.67
661.446	5675.67
661.892	5704.67
662.338	5744.67
662.784	5800.67
663.23	5751.67
663.675	5877.67
664.121	5745.67
664.567	5776.67
665.013	5925.67
665.458	5842.67
665.904	5896.67
666.35	6006.67
666.795	5934.67
667.241	5870.67
667.687	5991.67
668.132	6026.67
668.578	6000.67
669.023	6031.67
669.469	6124.67
669.914	6093.67
670.359	6163.67
670.805	6182.67
671.25	6288.67
671.695	6290.67
672.141	6180.67
672.586	6226.67
673.031	6295.67
673.476	6287.67
673.922	6330.67
674.367	6326.67
674.812	6452.67
675.257	6410.67
675.702	6420.67
676.147	6479.67
676.592	6566.67
677.037	6572.67
677.482	6469.67
677.927	6614.67
678.372	6620.67
678.817	6627.67
679.261	6707.67
679.706	6655.67
680.151	6711.67
680.596	6782.67
681.04	6783.67
681.485	6829.67
681.93	6847.67
682.374	6859.67
682.819	6871.67
683.264	6913.67
683.708	6959.67
684.153	6927.67
684.597	7019.67
685.042	7035.67
685.486	6995.67
685.93	7193.67
686.375	7154.67
686.819	7227.67
687.263	7177.67
687.708	7201.67
688.152	7231.67
688.596	7229.67
689.04	7338.67
689.485	7282.67
689.929	7375.67
690.373	7390.67
690.817	7443.67
691.261	7475.67
691.705	7485.67
692.149	7474.67
692.593	7607.67
693.037	7542.67
693.481	7608.67
693.925	7555.67
694.369	7654.67
694.812	7608.67
695.256	7625.67
695.7	7642.67
696.144	7740.67
696.587	7751.67
697.031	7635.67
697.475	7790.67
697.918	7724.67
698.362	7815.67
698.806	7752.67
699.249	7733.67
699.693	7988.67
700.136	7917.67
700.58	7932.67
701.023	7929.67
701.466	7950.67
701.91	7905.67
702.353	7898.67
702.796	7925.67
703.24	8035.67
703.683	7998.67
704.126	7940.67
704.569	8073.67
705.013	7982.67
705.456	7990.67
705.899	8031.67
706.342	7940.67
706.785	8072.67
707.228	7907.67
707.671	8083.67
708.114	8017.67
708.557	8104.67
709	7963.67
709.443	7960.67
709.886	8100.67
710.328	7925.67
710.771	7962.67
711.214	8039.67
711.657	7927.67
712.099	8090.67
712.542	7961.67
712.985	8101.67
713.427	8013.67
713.87	7956.67
714.313	7906.67
714.755	8017.67
715.198	7918.67
715.64	7977.67
716.083	7976.67
716.525	7941.67
716.967	7959.67
717.41	7842.67
717.852	7895.67
718.295	7787.67
718.737	7797.67
719.179	7583.67
719.621	7620.67
720.063	7605.67
720.506	7507.67
720.948	7538.67
721.39	7572.67
721.832	7589.67
722.274	7601.67
722.716	7525.67
723.158	7533.67
723.6	7527.67
724.042	7466.67
724.484	7490.67
724.926	7430.67
725.368	7434.67
725.81	7383.67
726.251	7465.67
726.693	7410.67
727.135	7420.67
727.577	7459.67
728.018	7454.67
728.46	7482.67
728.902	7371.67
729.343	7419.67
729.785	7370.67
730.226	7375.67
730.668	7406.67
731.109	7415.67
731.551	7430.67
731.992	7385.67
732.434	7429.67
732.875	7377.67
733.316	7362.67
733.758	7414.67
734.199	7292.67
734.64	7456.67
735.081	7375.67
735.523	7321.67
735.964	7414.67
736.405	7462.67
736.846	7417.67
737.287	7437.67
737.728	7427.67
738.169	7408.67
738.61	7332.67
739.051	7327.67
739.492	7256.67
739.933	7331.67
740.374	7366.67
740.815	7366.67
741.256	7345.67
741.696	7363.67
742.137	7467.67
742.578	7298.67
743.019	7463.67
743.459	7446.67
743.9	7389.67
744.341	7350.67
744.781	7397.67
745.222	7398.67
745.662	7509.67
746.103	7460.67
746.543	7511.67
746.984	7469.67
747.424	7475.67
747.865	7529.67
748.305	7466.67
748.745	7591.67
749.186	7463.67
749.626	7498.67
750.066	7545.67
750.506	7535.67
750.947	7672.67
751.387	7547.67
751.827	7667.67
752.267	7691.67
752.707	7697.67
753.147	7626.67
753.587	7766.67
754.027	7756.67
754.467	7739.67
754.907	7712.67
755.347	7750.67
755.787	7801.67
756.227	7849.67
756.667	7864.67
757.107	7852.67
757.546	7984.67
757.986	7994.67
758.426	7975.67
758.865	8060.67
759.305	7960.67
759.745	8048.67
760.184	8025.67
760.624	8018.67
761.063	8045.67
761.503	8124.67
761.943	8213.67
762.382	8152.67
762.821	8181.67
763.261	8248.67
763.7	8405.67
764.14	8358.67
764.579	8392.67
765.018	8279.67
765.457	8366.67
765.897	8310.67
766.336	8406.67
766.775	8434.67
767.214	8422.67
767.653	8474.67
768.092	8519.67
768.531	8556.67
768.97	8542.67
769.409	8664.67
769.848	8626.67
770.287	8722.67
770.726	8753.67
771.165	8717.67
771.604	8722.67
772.043	8736.67
772.482	8780.67
772.92	8700.67
773.359	8888.67
773.798	8937.67
774.237	8988.67
774.675	8890.67
775.114	9100.67
775.553	9054.67
775.991	9116.67
776.43	9086.67
776.868	9217.67
777.307	9216.67
777.745	9186.67
778.184	9161.67
778.622	9145.67
779.06	9293.67
779.499	9204.67
779.937	9305.67
780.375	9387.67
780.814	9397.67
781.252	9457.67
781.69	9501.67
782.128	9526.67
782.566	9500.67
783.004	9669.67
783.443	9576.67
783.881	9497.67
784.319	9684.67
784.757	9634.67
785.195	9710.67
785.633	9668.67
786.071	9874.67
786.508	9799.67
786.946	9960.67
787.384	9947.67
787.822	9957.67
788.26	9975.67
788.697	10051.67
789.135	10114.67
789.573	9946.67
790.011	9971.67
790.448	10069.67
790.886	10069.67
791.323	10178.67
791.761	10164.67
792.198	10188.67
792.636	10363.67
793.073	10492.67
793.511	10329.67
793.948	10540.67
794.386	10417.67
794.823	10461.67
795.26	10535.67
795.698	10543.67
796.135	10562.67
796.572	10486.67
797.009	10810.67
797.446	10542.67
797.884	10644.67
798.321	10693.67
798.758	10801.67
799.195	10850.67
799.632	11055.67
800.069	10890.67
800.506	11017.67
800.943	11081.67
801.38	10920.67
801.817	10971.67
802.254	11160.67
802.69	11154.67
803.127	11098.67
803.564	11032.67
804.001	11141.67
804.438	11132.67
804.874	11376.67
805.311	11310.67
805.748	11280.67
806.184	11452.67
806.621	11417.67
807.057	11438.67
807.494	11530.67
807.93	11441.67
808.367	11604.67
808.803	11539.67
809.24	11565.67
809.676	11473.67
810.112	11689.67
810.549	11606.67
810.985	11723.67
811.421	11699.67
811.857	11783.67
812.294	11896.67
812.73	11835.67
813.166	11864.67
813.602	11955.67
814.038	12035.67
814.474	12172.67
814.91	12023.67
815.346	12013.67
815.782	12004.67
816.218	11987.67
816.654	11975.67
817.09	12070.67
817.526	12073.67
817.962	12271.67
818.398	12128.67
818.833	12367.67
819.269	12289.67
819.705	12367.67
820.141	12392.67
820.576	12445.67
821.012	12503.67
821.447	12590.67
821.883	12298.67
822.319	12495.67
822.754	12620.67
823.19	12494.67
823.625	12451.67
824.061	12482.67
824.496	12583.67
824.931	12616.67
825.367	12702.67
825.802	12776.67
826.237	12692.67
826.673	12815.67
827.108	12871.67
827.543	12978.67
827.978	12954.67
828.413	13025.67
828.849	12923.67
829.284	13019.67
829.719	12964.67
830.154	12904.67
830.589	12946.67
831.024	13069.67
831.459	13101.67
831.894	13258.67
832.329	13083.67
832.763	13178.67
833.198	13282.67
833.633	13360.67
834.068	13273.67
834.503	13314.67
834.937	13439.67
835.372	13387.67
835.807	13355.67
836.241	13410.67
836.676	13524.67
837.111	13488.67
837.545	13436.67
837.98	13558.67
838.414	13580.67
838.849	13529.67
839.283	13655.67
839.717	13760.67
840.152	13781.67
840.586	13780.67
841.021	13810.67
841.455	13913.67
841.889	13944.67
842.323	13828.67
842.758	13948.67
843.192	14029.67
843.626	14094.67
844.06	13860.67
844.494	13937.67
844.928	13820.67
845.362	13953.67
845.796	13978.67
846.23	14097.67
846.664	14191.67
847.098	14232.67
847.532	14275.67
847.966	14472.67
848.4	14445.67
848.834	14373.67
849.267	14357.67
849.701	14528.67
850.135	14376.67
850.569	14498.67
851.002	14530.67
851.436	14586.67
851.87	14669.67
852.303	14570.67
852.737	14506.67
853.17	14575.67
853.604	14526.67
854.037	14766.67
854.471	14769.67
854.904	14746.67
855.337	14905.67
855.771	14925.67
856.204	14816.67
856.637	14978.67
857.071	14991.67
857.504	15069.67
857.937	15163.67
858.37	15195.67
858.804	15091.67
859.237	15108.67
859.67	15156.67
860.103	15124.67
860.536	15103.67
860.969	15151.67
861.402	15191.67
861.835	15256.67
862.268	15353.67
862.701	15460.67
863.134	15508.67
863.566	15499.67
863.999	15471.67
864.432	15690.67
864.865	15750.67
865.298	15675.67
865.73	15814.67
866.163	15780.67
866.596	15632.67
867.028	15563.67
867.461	15583.67
867.893	15686.67
868.326	15725.67
868.758	15678.67
869.191	15719.67
869.623	15830.67
870.056	15917.67
870.488	16014.67
870.92	15838.67
871.353	16138.67
871.785	15950.67
872.217	16037.67
872.65	16114.67
873.082	15935.67
873.514	15936.67
873.946	15912.67
874.378	15864.67
874.81	15762.67
875.243	15909.67
875.675	15949.67
876.107	15801.67
876.539	15792.67
876.971	15910.67
877.403	15918.67
877.834	16026.67
878.266	16138.67
878.698	16290.67
879.13	16358.67
879.562	16400.67
879.994	16476.67
880.425	16577.67
880.857	16527.67
881.289	16770.67
881.72	16894.67
882.152	16876.67
882.584	16911.67
883.015	17009.67
883.447	16957.67
883.878	16927.67
884.31	17175.67
884.741	17134.67
885.173	17313.67
885.604	17409.67
886.035	17514.67
886.467	17710.67
886.898	17853.67
887.329	17989.67
887.76	18097.67
888.192	17962.67
888.623	18276.67
889.054	18331.67
889.485	18441.67
889.916	18430.67
890.347	18382.67
890.778	18604.67
891.209	18672.67
891.64	18666.67
892.071	18736.67
892.502	18745.67
892.933	18844.67
893.364	18903.67
893.795	19051.67
894.226	19077.67
894.657	19292.67
895.087	19251.67
895.518	19286.67
895.949	19505.67
896.38	19651.67
896.81	19746.67
897.241	19672.67
897.671	19845.67
898.102	19890.67
898.533	19973.67
898.963	20038.67
899.394	20214.67
899.824	20192.67
900.254	20331.67
900.685	20113.67
901.115	20519.67
901.546	20341.67
901.976	20404.67
902.406	20533.67
902.836	20801.67
903.267	20865.67
903.697	20900.67
904.127	21175.67
904.557	21153.67
904.987	21414.67
905.417	21158.67
905.847	21267.67
906.277	21422.67
906.707	21602.67
907.137	21598.67
907.567	21696.67
907.997	21899.67
908.427	21907.67
908.857	21894.67
909.287	21900.67
909.717	21960.67
910.146	22035.67
910.576	22029.67
911.006	22145.67
911.436	22314.67
911.865	22429.67
912.295	22428.67
912.724	22650.67
913.154	22649.67
913.584	22812.67
914.013	22719.67
914.443	22924.67
914.872	22975.67
915.302	23103.67
915.731	23119.67
916.16	23255.67
916.59	23106.67
917.019	23224.67
917.448	23160.67
917.878	23384.67
918.307	23337.67
918.736	23297.67
919.165	23328.67
919.594	23189.67
920.023	23524.67
920.452	23239.67
920.882	23246.67
921.311	23550.67
921.74	23589.67
922.169	23575.67
922.597	23710.67
923.026	23620.67
923.455	23425.67
923.884	23416.67
924.313	23426.67
924.742	23600.67
925.171	23209.67
925.599	23442.67
926.028	23122.67
926.457	23218.67
926.885	23182.67
927.314	23053.67
927.743	22945.67
928.171	22926.67
928.6	22725.67
929.028	22435.67
929.457	22372.67
929.885	22352.67
930.314	22069.67
930.742	22062.67
931.17	21916.67
931.599	21881.67
932.027	21539.67
932.455	21434.67
932.884	21059.67
933.312	20827.67
933.74	20472.67
934.168	19811.67
934.596	19265.67
935.025	18728.67
935.453	18262.67
935.881	17645.67
936.309	16927.67
936.737	16356.67
937.165	15418.67
937.593	14813.67
938.021	14248.67
938.449	13594.67
938.876	13131.67
939.304	12511.67
939.732	12144.67
940.16	11547.67
940.588	11281.67
941.015	10887.67
941.443	10734.67
941.871	10516.67
942.298	10328.67
942.726	10342.67
943.154	10215.67
943.581	10124.67
944.009	10188.67
944.436	10316.67
944.864	10311.67
945.291	10455.67
945.718	10689.67
946.146	11010.67
946.573	11091.67
947.001	11161.67
947.428	11505.67
947.855	11672.67
948.282	12150.67
948.71	12399.67
949.137	12659.67
949.564	13080.67
949.991	13351.67
950.418	13765.67
950.845	13913.67
951.272	14542.67
951.699	14661.67
952.126	15283.67
952.553	15569.67
952.98	15993.67
953.407	16339.67
953.834	16474.67
954.261	17007.67
954.688	17485.67
955.114	17826.67
955.541	18300.67
955.968	18640.67
956.395	18990.67
956.821	19359.67
957.248	19717.67
957.674	20206.67
958.101	20490.67
958.528	20808.67
958.954	21227.67
959.381	21323.67
959.807	21723.67
960.234	21994.67
960.66	22567.67
961.086	22786.67
961.513	23167.67
961.939	23437.67
962.365	23554.67
962.792	23968.67
963.218	24256.67
963.644	24213.67
964.07	24576.67
964.496	24842.67
964.923	24864.67
965.349	25319.67
965.775	25362.67
966.201	25712.67
966.627	25930.67
967.053	26223.67
967.479	26531.67
967.905	26664.67
968.331	26858.67
968.756	26952.67
969.182	27353.67
969.608	27563.67
970.034	27564.67
970.46	27442.67
970.885	27878.67
971.311	27931.67
971.737	28262.67
972.162	28271.67
972.588	28421.67
973.014	28379.67
973.439	28624.67
973.865	28581.67
974.29	28662.67
974.716	28734.67
975.141	28815.67
975.567	28856.67
975.992	28782.67
976.417	28855.67
976.843	28958.67
977.268	29131.67
977.693	29339.67
978.119	29568.67
978.544	29422.67
978.969	29628.67
979.394	29555.67
979.819	29735.67
980.244	29690.67
980.669	29578.67
981.095	29940.67
981.52	29678.67
981.945	29832.67
982.369	29801.67
982.794	29758.67
983.219	29622.67
983.644	29489.67
984.069	29455.67
984.494	29349.67
984.919	29253.67
985.343	29188.67
985.768	29030.67
986.193	29069.67
986.618	29016.67
987.042	29042.67
987.467	29230.67
987.891	29255.67
988.316	29302.67
988.741	29269.67
989.165	29433.67
989.59	29495.67
990.014	29447.67
990.438	29513.67
990.863	29614.67
991.287	29392.67
991.712	29617.67
992.136	29461.67
992.56	29521.67
992.984	29484.67
993.409	29662.67
993.833	29615.67
994.257	29616.67
994.681	29565.67
995.105	29500.67
995.529	29487.67
995.953	29410.67
996.377	29316.67
996.801	29592.67
997.225	29493.67
997.649	29319.67
998.073	29569.67
998.497	29530.67
998.921	29654.67
999.345	29345.67
999.769	29316.67
1000.192	29244.67
1000.616	29380.67
1001.04	29346.67
1001.464	29414.67
1001.887	29401.67
1002.311	29524.67
1002.734	29243.67
1003.158	29256.67
1003.582	29091.67
1004.005	28879.67
1004.429	28929.67
1004.852	28793.67
1005.275	28876.67
1005.699	28516.67
1006.122	28497.67
1006.546	28357.67
1006.969	28069.67
1007.392	27836.67
1007.815	28000.67
1008.239	27989.67
1008.662	27535.67
1009.085	27353.67
1009.508	27189.67
1009.931	27096.67
1010.354	27020.67
1010.778	26679.67
1011.201	26813.67
1011.624	26550.67
1012.047	26567.67
1012.469	26478.67
1012.892	26171.67
1013.315	26296.67
1013.738	25972.67
1014.161	25719.67
1014.584	25681.67
1015.007	25822.67
1015.429	25601.67
1015.852	25178.67
1016.275	25101.67
1016.697	24924.67
1017.12	24862.67
1017.543	24737.67
1017.965	24514.67
1018.388	24214.67
1018.81	24070.67
1019.233	24016.67
1019.655	23728.67
1020.078	23727.67
1020.5	23460.67
1020.922	23329.67
1021.345	23091.67
1021.767	22719.67
1022.189	22788.67
1022.612	22314.67
1023.034	22407.67
1023.456	22145.67
1023.878	22108.67
1024.301	21872.67
1024.723	21661.67
1025.145	21624.67
1025.567	21378.67
1025.989	21401.67
1026.411	21014.67
1026.833	21083.67
1027.255	20790.67
1027.677	20694.67
1028.099	20578.67
1028.52	20432.67
1028.942	20309.67
1029.364	20186.67
1029.786	19969.67
1030.208	19870.67
1030.629	19558.67
1031.051	19267.67
1031.473	19205.67
1031.894	19186.67
1032.316	18831.67
1032.738	18657.67
1033.159	18546.67
1033.581	18390.67
1034.002	18250.67
1034.424	17849.67
1034.845	17820.67
1035.267	17568.67
1035.688	17469.67
1036.109	17248.67
1036.531	17030.67
1036.952	16985.67
1037.373	16731.67
1037.794	16496.67
1038.216	16490.67
1038.637	16085.67
1039.058	15993.67
1039.479	16009.67
1039.9	15722.67
1040.321	15536.67
1040.742	15404.67
1041.163	15330.67
1041.584	15203.67
1042.005	14985.67
1042.426	14865.67
1042.847	14858.67
1043.268	14625.67
1043.689	14470.67
1044.11	14484.67
1044.53	14281.67
1044.951	14091.67
1045.372	14048.67
1045.793	13950.67
1046.213	13756.67
1046.634	13577.67
1047.055	13320.67
1047.475	13250.67
1047.896	13048.67
1048.316	12916.67
1048.737	12413.67
1049.157	12344.67
1049.578	12356.67
1049.998	12235.67
1050.419	12079.67
1050.839	11959.67
1051.259	11779.67
1051.68	11499.67
1052.1	11439.67
1052.52	11322.67
1052.94	11198.67
1053.361	11181.67
1053.781	11112.67
1054.201	10913.67
1054.621	10789.67
1055.041	10636.67
1055.461	10562.67
1055.881	10294.67
1056.301	10402.67
1056.721	10183.67
1057.141	10060.67
1057.561	9939.67
1057.981	9767.67
1058.401	9765.67
1058.82	9692.67
1059.24	9438.67
1059.66	9359.67
1060.08	9250.67
1060.499	9193.67
1060.919	8918.67
1061.339	8861.67
1061.758	8725.67
1062.178	8709.67
1062.598	8513.67
1063.017	8411.67
1063.437	8301.67
1063.856	8068.67
1064.276	8019.67
1064.695	7825.67
1065.114	7685.67
1065.534	7669.67
1065.953	7667.67
1066.372	7468.67
1066.792	7371.67
1067.211	7414.67
1067.63	7308.67
1068.049	7099.67
1068.469	7148.67
1068.888	7090.67
1069.307	7006.67
1069.726	6975.67
1070.145	6743.67
1070.564	6881.67
1070.983	6624.67
1071.402	6800.67
1071.821	6554.67
1072.24	6405.67
1072.659	6334.67
1073.078	6225.67
1073.496	6205.67
1073.915	6187.67
1074.334	6058.67
1074.753	6022.67
1075.171	5855.67
1075.59	5893.67
1076.009	5736.67
1076.427	5704.67
1076.846	5664.67
1077.265	5478.67
1077.683	5416.67
1078.102	5427.67
1078.52	5238.67
1078.939	5185.67
1079.357	5138.67
1079.776	5071.67
1080.194	4926.67
1080.612	5024.67
1081.031	4911.67
1081.449	4880.67
1081.867	5232.67
1082.285	4714.67
1082.704	4683.67
1083.122	4650.67
1083.54	4472.67
1083.958	4431.67
1084.376	4412.67
1084.794	4445.67
1085.212	4280.67
1085.63	4242.67
1086.048	4193.67
1086.466	4097.67
1086.884	4076.67
1087.302	4014.67
1087.72	4060.67
1088.138	3918.67
1088.555	3885.67
1088.973	3925.67
1089.391	3826.67
1089.809	3805.67
1090.226	3693.67
1090.644	3723.67
1091.062	3582.67
1091.479	3543.67
1091.897	3480.67
1092.314	3442.67
1092.732	3307.67
1093.15	3309.67
1093.567	3196.67
1093.984	3222.67
1094.402	3194.67
1094.819	3114.67
1095.237	3148.67
1095.654	3089.67
1096.071	2974.67
1096.488	3028.67
1096.906	2870.67
1097.323	2869.67
1097.74	2840.67
1098.157	2798.67
1098.574	2826.67
1098.991	2748.67
1099.409	2717.67
1099.826	2661.67
1100.243	2602.67
1100.66	2585.67
1101.077	2456.67
1101.494	2420.67
1101.91	2380.67
1102.327	2321.67
1102.744	2208.67
1103.161	2209.67
1103.578	2168.67
1103.994	2083.67
1104.411	2055.67
1104.828	2034.67
1105.245	1980.67
1105.661	1962.67
1106.078	1885.67
1106.494	1891.67
1106.911	1884.67
1107.328	1795.67
1107.744	1737.67
1108.161	1686.67
1108.577	1667.67
1108.993	1658.67
1109.41	1521.67
1109.826	1483.67
1110.242	1480.67
1110.659	1359.67
1111.075	1355.67
1111.491	1366.67
1111.908	1262.67
1112.324	1258.67
1112.74	1738.67
1113.156	1128.67
1113.572	1123.67
1113.988	1065.67
1114.404	1020.67
1114.82	942.67
1115.236	942.67
1115.652	883.67
1116.068	845.67
1116.484	736.67
1116.9	732.67
1117.316	680.67
1117.732	-3.33
1118.147	10.67
1118.563	-6.33
1118.979	-9.33
