198.791	1047.67
199.266	-195.33
199.74	29.67
200.215	-19.33
200.69	172.67
201.164	197.67
201.639	210.67
202.114	235.67
202.588	220.67
203.063	234.67
203.537	213.67
204.012	200.67
204.486	219.67
204.961	247.67
205.435	239.67
205.909	245.67
206.384	259.67
206.858	214.67
207.332	281.67
207.807	265.67
208.281	266.67
208.755	303.67
209.229	286.67
209.703	276.67
210.177	293.67
210.651	259.67
211.126	291.67
211.6	323.67
212.074	308.67
212.548	241.67
213.021	278.67
213.495	313.67
213.969	335.67
214.443	364.67
214.917	338.67
215.391	391.67
215.864	351.67
216.338	352.67
216.812	386.67
217.286	388.67
217.759	390.67
218.233	436.67
218.706	392.67
219.18	428.67
219.654	417.67
220.127	448.67
220.6	447.67
221.074	453.67
221.547	486.67
222.021	536.67
222.494	471.67
222.967	539.67
223.441	574.67
223.914	557.67
224.387	551.67
224.86	577.67
225.334	690.67
225.807	658.67
226.28	757.67
226.753	787.67
227.226	798.67
227.699	823.67
228.172	838.67
228.645	888.67
229.118	1012.67
229.591	994.67
230.064	1036.67
230.537	1078.67
231.01	1179.67
231.482	1238.67
231.955	1385.67
232.428	1318.67
232.901	1428.67
233.373	1479.67
233.846	1565.67
234.319	1569.67
234.791	1657.67
235.264	1719.67
235.736	1749.67
236.209	1792.67
236.681	1920.67
237.154	1927.67
237.626	2004.67
238.099	2111.67
238.571	2167.67
239.044	2258.67
239.516	2250.67
239.988	2371.67
240.46	2431.67
240.933	2445.67
241.405	2548.67
241.877	2507.67
242.349	2497.67
242.821	2470.67
243.293	2563.67
243.765	2510.67
244.237	2472.67
244.71	2472.67
245.181	2486.67
245.653	2464.67
246.125	2458.67
246.597	2389.67
247.069	2415.67
247.541	2399.67
248.013	2428.67
248.485	2394.67
248.956	2489.67
249.428	2496.67
249.9	2562.67
250.371	2636.67
250.843	2844.67
251.315	2927.67
251.786	3105.67
252.258	3242.67
252.729	3472.67
253.201	3576.67
253.672	3740.67
254.144	3874.67
254.615	3956.67
255.086	4021.67
255.558	4162.67
256.029	4292.67
256.5	4308.67
256.972	4387.67
257.443	4412.67
257.914	4447.67
258.385	4485.67
258.856	4459.67
259.327	4511.67
259.799	4468.67
260.27	4513.67
260.741	4600.67
261.212	4493.67
261.683	4523.67
262.154	4558.67
262.624	4526.67
263.095	4608.67
263.566	4578.67
264.037	4593.67
264.508	4545.67
264.979	4592.67
265.449	4536.67
265.92	4538.67
266.391	4539.67
266.861	4462.67
267.332	4535.67
267.803	4388.67
268.273	4284.67
268.744	4146.67
269.214	4237.67
269.685	4170.67
270.155	4067.67
270.626	4046.67
271.096	3878.67
271.566	3803.67
272.037	3643.67
272.507	3558.67
272.977	3494.67
273.448	3423.67
273.918	3427.67
274.388	3339.67
274.858	3375.67
275.328	3275.67
275.798	3345.67
276.268	3249.67
276.738	3324.67
277.208	3252.67
277.678	3289.67
278.148	3341.67
278.618	3276.67
279.088	3225.67
279.558	3264.67
280.028	3334.67
280.498	3425.67
280.968	3499.67
281.437	3649.67
281.907	3782.67
282.377	3857.67
282.847	4079.67
283.316	4092.67
283.786	4231.67
284.255	4219.67
284.725	4275.67
285.194	4272.67
285.664	4243.67
286.133	4396.67
286.603	4350.67
287.072	4414.67
287.542	4365.67
288.011	4492.67
288.48	4435.67
288.95	4482.67
289.419	4478.67
289.888	4550.67
290.357	4525.67
290.827	4442.67
291.296	4426.67
291.765	4423.67
292.234	4411.67
292.703	4334.67
293.172	4371.67
293.641	4443.67
294.11	4307.67
294.579	4321.67
295.048	4289.67
295.517	4347.67
295.986	4240.67
296.455	4138.67
296.923	4171.67
297.392	4142.67
297.861	4072.67
298.33	4011.67
298.798	3963.67
299.267	3920.67
299.736	3967.67
300.204	3928.67
300.673	3864.67
301.141	3835.67
301.61	3896.67
302.079	3896.67
302.547	3865.67
303.015	3874.67
303.484	3826.67
303.952	3809.67
304.421	3864.67
304.889	3794.67
305.357	3838.67
305.825	3886.67
306.294	3723.67
306.762	3787.67
307.23	3678.67
307.698	3666.67
308.166	3668.67
308.634	3628.67
309.103	3639.67
309.571	3664.67
310.039	3820.67
310.507	3793.67
310.975	3813.67
311.442	3812.67
311.91	3838.67
312.378	3955.67
312.846	3822.67
313.314	3984.67
313.782	3917.67
314.249	3884.67
314.717	3916.67
315.185	3935.67
315.652	3811.67
316.12	3807.67
316.588	3837.67
317.055	3776.67
317.523	3682.67
317.99	3712.67
318.458	3606.67
318.925	3674.67
319.393	3614.67
319.86	3589.67
320.328	3545.67
320.795	3543.67
321.262	3595.67
321.73	3529.67
322.197	3503.67
322.664	3467.67
323.131	3495.67
323.598	3458.67
324.066	3422.67
324.533	3436.67
325	3483.67
325.467	3508.67
325.934	3429.67
326.401	3446.67
326.868	3449.67
327.335	3458.67
327.802	3498.67
328.269	3487.67
328.735	3561.67
329.202	3596.67
329.669	3496.67
330.136	3543.67
330.603	3513.67
331.069	3605.67
331.536	3621.67
332.003	3594.67
332.469	3583.67
332.936	3536.67
333.402	3578.67
333.869	3596.67
334.336	3496.67
334.802	3434.67
335.268	3391.67
335.735	3422.67
336.201	3326.67
336.668	3199.67
337.134	3134.67
337.6	3056.67
338.067	3083.67
338.533	3152.67
338.999	3259.67
339.465	3299.67
339.931	3275.67
340.398	3276.67
340.864	3365.67
341.33	3417.67
341.796	3491.67
342.262	3560.67
342.728	3423.67
343.194	3360.67
343.66	3328.67
344.126	3349.67
344.592	3263.67
345.057	3347.67
345.523	3247.67
345.989	3288.67
346.455	3210.67
346.921	3153.67
347.386	3082.67
347.852	3071.67
348.318	3089.67
348.783	3083.67
349.249	3073.67
349.714	3056.67
350.18	3006.67
350.645	3100.67
351.111	3014.67
351.576	3033.67
352.042	3053.67
352.507	3088.67
352.973	3045.67
353.438	3082.67
353.903	3108.67
354.369	3004.67
354.834	3010.67
355.299	3076.67
355.764	3014.67
356.229	3004.67
356.695	2959.67
357.16	2981.67
357.625	2973.67
358.09	2958.67
358.555	2981.67
359.02	2916.67
359.485	2886.67
359.95	2900.67
360.415	2919.67
360.879	2809.67
361.344	2864.67
361.809	2787.67
362.274	2779.67
362.739	2790.67
363.203	2729.67
363.668	2635.67
364.133	2680.67
364.597	2660.67
365.062	2720.67
365.527	2686.67
365.991	2662.67
366.456	2784.67
366.92	2736.67
367.385	2676.67
367.849	2701.67
368.314	2674.67
368.778	2715.67
369.242	2714.67
369.707	2706.67
370.171	2720.67
370.635	2689.67
371.1	2585.67
371.564	2671.67
372.028	2706.67
372.492	2623.67
372.956	2627.67
373.42	2681.67
373.884	2704.67
374.348	2773.67
374.812	2779.67
375.276	2803.67
375.74	2864.67
376.204	2948.67
376.668	2907.67
377.132	2958.67
377.596	2888.67
378.06	2949.67
378.524	2986.67
378.987	2990.67
379.451	3019.67
379.915	3014.67
380.378	2970.67
380.842	2884.67
381.306	2915.67
381.769	2924.67
382.233	2925.67
382.696	2901.67
383.16	2933.67
383.623	2850.67
384.087	2892.67
384.55	2834.67
385.014	2802.67
385.477	2843.67
385.94	2907.67
386.404	2801.67
386.867	2867.67
387.33	2933.67
387.793	2866.67
388.256	2941.67
388.72	3053.67
389.183	3043.67
389.646	3061.67
390.109	3008.67
390.572	3100.67
391.035	3164.67
391.498	3197.67
391.961	3247.67
392.424	3314.67
392.887	3420.67
393.35	3433.67
393.812	3489.67
394.275	3311.67
394.738	3314.67
395.201	3222.67
395.664	3267.67
396.126	3307.67
396.589	3316.67
397.052	3222.67
397.514	3270.67
397.977	3435.67
398.439	3401.67
398.902	3364.67
399.364	3343.67
399.827	3245.67
400.289	3129.67
400.752	3053.67
401.214	2919.67
401.676	2882.67
402.139	2886.67
402.601	2856.67
403.063	2807.67
403.525	2846.67
403.988	2872.67
404.45	2880.67
404.912	2805.67
405.374	2857.67
405.836	2945.67
406.298	2929.67
406.76	2783.67
407.222	2883.67
407.684	2841.67
408.146	2898.67
408.608	2863.67
409.07	3066.67
409.532	3049.67
409.994	3004.67
410.456	3136.67
410.917	3099.67
411.379	3043.67
411.841	3133.67
412.303	3164.67
412.764	3236.67
413.226	3113.67
413.687	3248.67
414.149	3243.67
414.611	3226.67
415.072	3159.67
415.534	3177.67
415.995	3153.67
416.457	3122.67
416.918	3155.67
417.379	3097.67
417.841	3072.67
418.302	3148.67
418.763	3101.67
419.225	3151.67
419.686	3219.67
420.147	3239.67
420.608	3269.67
421.069	3258.67
421.53	3314.67
421.991	3377.67
422.453	3291.67
422.914	3205.67
423.375	3045.67
423.836	2979.67
424.297	2830.67
424.757	2788.67
425.218	2684.67
425.679	2638.67
426.14	2494.67
426.601	2356.67
427.062	2292.67
427.522	2185.67
427.983	2124.67
428.444	2128.67
428.904	2042.67
429.365	2033.67
429.826	2000.67
430.286	1972.67
430.747	1921.67
431.207	1830.67
431.668	1768.67
432.128	1773.67
432.589	1647.67
433.049	1658.67
433.509	1718.67
433.97	1734.67
434.43	1798.67
434.89	1819.67
435.351	1781.67
435.811	1835.67
436.271	1877.67
436.731	1894.67
437.191	1957.67
437.651	1904.67
438.112	1952.67
438.572	1984.67
439.032	1987.67
439.492	1999.67
439.952	1948.67
440.412	1950.67
440.871	1950.67
441.331	1936.67
441.791	1944.67
442.251	1903.67
442.711	1902.67
443.171	1909.67
443.63	1941.67
444.09	1975.67
444.55	1990.67
445.009	1996.67
445.469	2058.67
445.929	2028.67
446.388	2091.67
446.848	2102.67
447.307	2095.67
447.767	2105.67
448.226	2142.67
448.686	2137.67
449.145	2059.67
449.604	2134.67
450.064	2177.67
450.523	2132.67
450.982	2205.67
451.442	2174.67
451.901	2126.67
452.36	2173.67
452.819	2093.67
453.278	2176.67
453.737	2118.67
454.197	2068.67
454.656	2089.67
455.115	2105.67
455.574	2055.67
456.033	2056.67
456.492	2033.67
456.95	2022.67
457.409	2002.67
457.868	1952.67
458.327	1982.67
458.786	1986.67
459.245	2036.67
459.703	1925.67
460.162	1927.67
460.621	1887.67
461.079	1940.67
461.538	1913.67
461.997	1890.67
462.455	1889.67
462.914	1846.67
463.372	1897.67
463.831	1832.67
464.289	1874.67
464.748	1825.67
465.206	1840.67
465.664	1849.67
466.123	1892.67
466.581	1875.67
467.039	1768.67
467.497	1829.67
467.956	1785.67
468.414	1856.67
468.872	1834.67
469.33	1791.67
469.788	1784.67
470.246	1731.67
470.704	1806.67
471.162	1690.67
471.62	1772.67
472.078	1738.67
472.536	1682.67
472.994	1748.67
473.452	1704.67
473.91	1784.67
474.368	1735.67
474.826	1734.67
475.283	1758.67
475.741	1726.67
476.199	1788.67
476.656	1712.67
477.114	1699.67
477.572	1764.67
478.029	1744.67
478.487	1683.67
478.944	1659.67
479.402	1716.67
479.859	1757.67
480.317	1672.67
480.774	1702.67
481.232	1714.67
481.689	1708.67
482.146	1657.67
482.604	1729.67
483.061	1738.67
483.518	1691.67
483.975	1694.67
484.433	1668.67
484.89	1725.67
485.347	1699.67
485.804	1684.67
486.261	1671.67
486.718	1664.67
487.175	1689.67
487.632	1621.67
488.089	1737.67
488.546	1729.67
489.003	1648.67
489.46	1692.67
489.917	1649.67
490.373	1623.67
490.83	1655.67
491.287	1707.67
491.744	1655.67
492.2	1649.67
492.657	1636.67
493.114	1629.67
493.57	1527.67
494.027	1765.67
494.484	1695.67
494.94	1643.67
495.397	1713.67
495.853	1674.67
496.31	1676.67
496.766	1735.67
497.222	1750.67
497.679	1748.67
498.135	1708.67
498.591	1784.67
499.048	1741.67
499.504	1800.67
499.96	1694.67
500.416	1796.67
500.872	1754.67
501.329	1775.67
501.785	1838.67
502.241	1757.67
502.697	1806.67
503.153	1862.67
503.609	1834.67
504.065	1965.67
504.521	1895.67
504.977	1998.67
505.432	1924.67
505.888	1955.67
506.344	1956.67
506.8	2045.67
507.256	1997.67
507.711	2049.67
508.167	2081.67
508.623	2083.67
509.078	2095.67
509.534	2140.67
509.99	2126.67
510.445	2140.67
510.901	2131.67
511.356	2167.67
511.812	2301.67
512.267	2227.67
512.722	2205.67
513.178	2310.67
513.633	2250.67
514.089	2254.67
514.544	2345.67
514.999	2262.67
515.454	2414.67
515.91	2371.67
516.365	2373.67
516.82	2356.67
517.275	2450.67
517.73	2450.67
518.185	2398.67
518.64	2421.67
519.095	2464.67
519.55	2473.67
520.005	2426.67
520.46	2483.67
520.915	2422.67
521.37	2405.67
521.825	2422.67
522.28	2454.67
522.734	2409.67
523.189	2430.67
523.644	2441.67
524.099	2391.67
524.553	2415.67
525.008	2452.67
525.462	2384.67
525.917	2402.67
526.372	2352.67
526.826	2426.67
527.281	2271.67
527.735	2361.67
528.19	2396.67
528.644	2275.67
529.098	2320.67
529.553	2318.67
530.007	2249.67
530.461	2296.67
530.916	2303.67
531.37	2308.67
531.824	2251.67
532.278	2220.67
532.732	2281.67
533.186	2236.67
533.641	2225.67
534.095	2232.67
534.549	2180.67
535.003	2147.67
535.457	2190.67
535.911	2163.67
536.365	2177.67
536.818	2166.67
537.272	2140.67
537.726	2137.67
538.18	2173.67
538.634	2110.67
539.087	2155.67
539.541	2138.67
539.995	2116.67
540.449	2200.67
540.902	2110.67
541.356	2172.67
541.809	2271.67
542.263	2153.67
542.716	2135.67
543.17	2196.67
543.623	2229.67
544.077	2137.67
544.53	2136.67
544.984	2232.67
545.437	2237.67
545.89	2275.67
546.344	2240.67
546.797	2194.67
547.25	2278.67
547.703	2314.67
548.157	2277.67
548.61	2317.67
549.063	2317.67
549.516	2384.67
549.969	2334.67
550.422	2363.67
550.875	2427.67
551.328	2393.67
551.781	2373.67
552.234	2410.67
552.687	2470.67
553.14	2457.67
553.592	2498.67
554.045	2555.67
554.498	2524.67
554.951	2575.67
555.404	2598.67
555.856	2654.67
556.309	2682.67
556.762	2658.67
557.214	2669.67
557.667	2651.67
558.119	2766.67
558.572	2722.67
559.024	2827.67
559.477	2809.67
559.929	2872.67
560.382	2942.67
560.834	2872.67
561.286	2923.67
561.739	2921.67
562.191	2984.67
562.643	3013.67
563.095	3145.67
563.548	3016.67
564	3066.67
564.452	3182.67
564.904	3088.67
565.356	3149.67
565.808	3134.67
566.26	3164.67
566.712	3151.67
567.164	3250.67
567.616	3240.67
568.068	3324.67
568.52	3277.67
568.972	3384.67
569.424	3338.67
569.876	3309.67
570.327	3383.67
570.779	3376.67
571.231	3404.67
571.682	3385.67
572.134	3396.67
572.586	3450.67
573.037	3430.67
573.489	3430.67
573.941	3457.67
574.392	3446.67
574.844	3467.67
575.295	3523.67
575.746	3509.67
576.198	3461.67
576.649	3543.67
577.101	3451.67
577.552	3527.67
578.003	3526.67
578.454	3538.67
578.906	3474.67
579.357	3531.67
579.808	3562.67
580.259	3494.67
580.71	3547.67
581.161	3526.67
581.612	3485.67
582.064	3505.67
582.515	3526.67
582.965	3511.67
583.416	3496.67
583.867	3583.67
584.318	3525.67
584.769	3571.67
585.22	3502.67
585.671	3531.67
586.122	3522.67
586.572	3517.67
587.023	3560.67
587.474	3534.67
587.924	3529.67
588.375	3486.67
588.826	3487.67
589.276	3452.67
589.727	3574.67
590.177	3515.67
590.628	3485.67
591.078	3549.67
591.529	3540.67
591.979	3455.67
592.429	3500.67
592.88	3504.67
593.33	3546.67
593.78	3601.67
594.231	3417.67
594.681	3509.67
595.131	3529.67
595.581	3510.67
596.031	3540.67
596.481	3459.67
596.932	3518.67
597.382	3518.67
597.832	3522.67
598.282	3555.67
598.732	3491.67
599.182	3603.67
599.632	3581.67
600.081	3547.67
600.531	3588.67
600.981	3621.67
601.431	3615.67
601.881	3632.67
602.33	3613.67
602.78	3655.67
603.23	3617.67
603.679	3654.67
604.129	3678.67
604.579	3687.67
605.028	3730.67
605.478	3755.67
605.927	3788.67
606.377	3728.67
606.826	3795.67
607.276	3772.67
607.725	3774.67
608.175	3857.67
608.624	3895.67
609.073	3867.67
609.522	3876.67
609.972	3917.67
610.421	3975.67
610.87	3967.67
611.319	3939.67
611.768	4034.67
612.218	4052.67
612.667	4056.67
613.116	4050.67
613.565	4218.67
614.014	4174.67
614.463	4096.67
614.912	4230.67
615.361	4251.67
615.81	4261.67
616.258	4286.67
616.707	4385.67
617.156	4364.67
617.605	4391.67
618.054	4469.67
618.502	4462.67
618.951	4494.67
619.4	4461.67
619.848	4493.67
620.297	4553.67
620.745	4603.67
621.194	4565.67
621.642	4633.67
622.091	4638.67
622.539	4653.67
622.988	4726.67
623.436	4797.67
623.885	4727.67
624.333	4762.67
624.781	4846.67
625.23	4832.67
625.678	4875.67
626.126	4886.67
626.574	4912.67
627.022	5014.67
627.471	5008.67
627.919	4965.67
628.367	4970.67
628.815	4969.67
629.263	5034.67
629.711	5085.67
630.159	5189.67
630.607	5224.67
631.055	5166.67
631.503	5147.67
631.95	5172.67
632.398	5214.67
632.846	5277.67
633.294	5309.67
633.742	5352.67
634.189	5362.67
634.637	5469.67
635.085	5326.67
635.532	5476.67
635.98	5392.67
636.427	5438.67
636.875	5490.67
637.323	5444.67
637.77	5516.67
638.217	5437.67
638.665	5533.67
639.112	5495.67
639.56	5558.67
640.007	5452.67
640.454	5531.67
640.902	5566.67
641.349	5555.67
641.796	5558.67
642.243	5643.67
642.69	5671.67
643.138	5621.67
643.585	5591.67
644.032	5543.67
644.479	5614.67
644.926	5661.67
645.373	5630.67
645.82	5636.67
646.267	5750.67
646.714	5648.67
647.161	5780.67
647.607	5669.67
648.054	5636.67
648.501	5692.67
648.948	5756.67
649.395	5735.67
649.841	5756.67
650.288	5736.67
650.735	5760.67
651.181	5784.67
651.628	5770.67
652.075	5823.67
652.521	5779.67
652.968	5761.67
653.414	5914.67
653.861	5790.67
654.307	5944.67
654.753	5936.67
655.2	5841.67
655.646	5946.67
656.092	5999.67
656.539	6019.67
656.985	5939.67
657.431	6005.67
657.877	5941.67
658.324	6008.67
658.77	5978.67
659.216	5976.67
659.662	6099.67
660.108	6133.67
660.554	6107.67
661	6021.67
661.446	6118.67
661.892	6135.67
662.338	6194.67
662.784	6159.67
663.23	6145.67
663.675	6273.67
664.121	6215.67
664.567	6293.67
665.013	6297.67
665.458	6378.67
665.904	6328.67
666.35	6399.67
666.795	6439.67
667.241	6328.67
667.687	6449.67
668.132	6464.67
668.578	6480.67
669.023	6471.67
669.469	6554.67
669.914	6558.67
670.359	6695.67
670.805	6559.67
671.25	6614.67
671.695	6712.67
672.141	6685.67
672.586	6706.67
673.031	6786.67
673.476	6707.67
673.922	6820.67
674.367	6873.67
674.812	6848.67
675.257	6842.67
675.702	6918.67
676.147	7011.67
676.592	7046.67
677.037	7067.67
677.482	6943.67
677.927	7071.67
678.372	7085.67
678.817	7176.67
679.261	7203.67
679.706	7162.67
680.151	7276.67
680.596	7129.67
681.04	7380.67
681.485	7244.67
681.93	7312.67
682.374	7371.67
682.819	7473.67
683.264	7440.67
683.708	7469.67
684.153	7431.67
684.597	7596.67
685.042	7555.67
685.486	7619.67
685.93	7716.67
686.375	7810.67
686.819	7705.67
687.263	7749.67
687.708	7774.67
688.152	7679.67
688.596	7724.67
689.04	7911.67
689.485	7818.67
689.929	7954.67
690.373	7916.67
690.817	7992.67
691.261	8015.67
691.705	8058.67
692.149	8100.67
692.593	8070.67
693.037	8020.67
693.481	8100.67
693.925	8137.67
694.369	8176.67
694.812	8192.67
695.256	8171.67
695.7	8269.67
696.144	8251.67
696.587	8332.67
697.031	8311.67
697.475	8355.67
697.918	8336.67
698.362	8308.67
698.806	8351.67
699.249	8366.67
699.693	8485.67
700.136	8449.67
700.58	8452.67
701.023	8500.67
701.466	8388.67
701.91	8513.67
702.353	8577.67
702.796	8522.67
703.24	8586.67
703.683	8542.67
704.126	8493.67
704.569	8650.67
705.013	8550.67
705.456	8559.67
705.899	8532.67
706.342	8616.67
706.785	8601.67
707.228	8539.67
707.671	8667.67
708.114	8552.67
708.557	8627.67
709	8699.67
709.443	8596.67
709.886	8678.67
710.328	8631.67
710.771	8486.67
711.214	8637.67
711.657	8514.67
712.099	8731.67
712.542	8644.67
712.985	8590.67
713.427	8623.67
713.87	8458.67
714.313	8445.67
714.755	8577.67
715.198	8439.67
715.64	8561.67
716.083	8409.67
716.525	8530.67
716.967	8567.67
717.41	8483.67
717.852	8386.67
718.295	8499.67
718.737	8289.67
719.179	8293.67
719.621	8353.67
720.063	8188.67
720.506	8226.67
720.948	8062.67
721.39	8066.67
721.832	8179.67
722.274	8035.67
722.716	8027.67
723.158	7973.67
723.6	7996.67
724.042	7954.67
724.484	8002.67
724.926	7851.67
725.368	7941.67
725.81	8000.67
726.251	7967.67
726.693	7989.67
727.135	8009.67
727.577	7964.67
728.018	7975.67
728.46	8012.67
728.902	7900.67
729.343	7858.67
729.785	8000.67
730.226	7884.67
730.668	7980.67
731.109	7925.67
731.551	7914.67
731.992	7955.67
732.434	8042.67
732.875	7976.67
733.316	7929.67
733.758	8015.67
734.199	7817.67
734.64	7998.67
735.081	7828.67
735.523	7945.67
735.964	8022.67
736.405	8058.67
736.846	7975.67
737.287	8019.67
737.728	7909.67
738.169	7962.67
738.61	7911.67
739.051	7821.67
739.492	7868.67
739.933	7879.67
740.374	7811.67
740.815	7854.67
741.256	7906.67
741.696	7929.67
742.137	7983.67
742.578	7857.67
743.019	7957.67
743.459	8040.67
743.9	7970.67
744.341	7945.67
744.781	7939.67
745.222	7892.67
745.662	8012.67
746.103	7975.67
746.543	8010.67
746.984	8062.67
747.424	8165.67
747.865	8118.67
748.305	8098.67
748.745	8065.67
749.186	8057.67
749.626	8202.67
750.066	8140.67
750.506	8151.67
750.947	8106.67
751.387	8161.67
751.827	8255.67
752.267	8228.67
752.707	8319.67
753.147	8283.67
753.587	8322.67
754.027	8351.67
754.467	8418.67
754.907	8360.67
755.347	8358.67
755.787	8375.67
756.227	8390.67
756.667	8345.67
757.107	8552.67
757.546	8444.67
757.986	8629.67
758.426	8525.67
758.865	8555.67
759.305	8689.67
759.745	8641.67
760.184	8674.67
760.624	8612.67
761.063	8631.67
761.503	8684.67
761.943	8824.67
762.382	8784.67
762.821	8874.67
763.261	8806.67
763.7	9008.67
764.14	9068.67
764.579	9055.67
765.018	8950.67
765.457	8875.67
765.897	8992.67
766.336	9042.67
766.775	9048.67
767.214	9078.67
767.653	9148.67
768.092	9078.67
768.531	9146.67
768.97	9319.67
769.409	9272.67
769.848	9249.67
770.287	9418.67
770.726	9358.67
771.165	9445.67
771.604	9437.67
772.043	9477.67
772.482	9346.67
772.92	9536.67
773.359	9518.67
773.798	9633.67
774.237	9609.67
774.675	9637.67
775.114	9741.67
775.553	9751.67
775.991	9884.67
776.43	9786.67
776.868	9769.67
777.307	9921.67
777.745	9861.67
778.184	9812.67
778.622	9951.67
779.06	9938.67
779.499	9971.67
779.937	9945.67
780.375	10146.67
780.814	10030.67
781.252	10142.67
781.69	10300.67
782.128	10317.67
782.566	10309.67
783.004	10279.67
783.443	10251.67
783.881	10274.67
784.319	10414.67
784.757	10307.67
785.195	10513.67
785.633	10413.67
786.071	10673.67
786.508	10616.67
786.946	10662.67
787.384	10648.67
787.822	10743.67
788.26	10740.67
788.697	10815.67
789.135	10800.67
789.573	10805.67
790.011	10793.67
790.448	10832.67
790.886	10889.67
791.323	10840.67
791.761	11076.67
792.198	11066.67
792.636	11250.67
793.073	11221.67
793.511	11267.67
793.948	11290.67
794.386	11399.67
794.823	11259.67
795.26	11276.67
795.698	11368.67
796.135	11354.67
796.572	11306.67
797.009	11451.67
797.446	11463.67
797.884	11597.67
798.321	11600.67
798.758	11557.67
799.195	11707.67
799.632	11693.67
800.069	11783.67
800.506	11844.67
800.943	11755.67
801.38	11827.67
801.817	11779.67
802.254	11875.67
802.69	12070.67
803.127	11979.67
803.564	11941.67
804.001	12028.67
804.438	12130.67
804.874	12187.67
805.311	12168.67
805.748	12241.67
806.184	12248.67
806.621	12375.67
807.057	12335.67
807.494	12338.67
807.93	12446.67
808.367	12400.67
808.803	12450.67
809.24	12404.67
809.676	12461.67
810.112	12517.67
810.549	12557.67
810.985	12562.67
811.421	12721.67
811.857	12766.67
812.294	12769.67
812.73	12874.67
813.166	12827.67
813.602	12913.67
814.038	12956.67
814.474	13036.67
814.91	12971.67
815.346	13027.67
815.782	13016.67
816.218	13050.67
816.654	13091.67
817.09	13220.67
817.526	13117.67
817.962	13159.67
818.398	13245.67
818.833	13377.67
819.269	13275.67
819.705	13327.67
820.141	13448.67
820.576	13368.67
821.012	13457.67
821.447	13253.67
821.883	13524.67
822.319	13431.67
822.754	13512.67
823.19	13576.67
823.625	13643.67
824.061	13425.67
824.496	13594.67
824.931	13713.67
825.367	13660.67
825.802	13812.67
826.237	13773.67
826.673	13860.67
827.108	13943.67
827.543	13970.67
827.978	13981.67
828.413	14012.67
828.849	13924.67
829.284	14044.67
829.719	14038.67
830.154	13985.67
830.589	14068.67
831.024	14214.67
831.459	14200.67
831.894	14076.67
832.329	14117.67
832.763	14350.67
833.198	14384.67
833.633	14464.67
834.068	14436.67
834.503	14499.67
834.937	14576.67
835.372	14564.67
835.807	14466.67
836.241	14587.67
836.676	14435.67
837.111	14525.67
837.545	14470.67
837.98	14506.67
838.414	14702.67
838.849	14547.67
839.283	14715.67
839.717	14795.67
840.152	14755.67
840.586	14839.67
841.021	15018.67
841.455	14935.67
841.889	14993.67
842.323	15058.67
842.758	14999.67
843.192	15119.67
843.626	15041.67
844.06	14999.67
844.494	15001.67
844.928	15016.67
845.362	15134.67
845.796	15061.67
846.23	15277.67
846.664	15302.67
847.098	15233.67
847.532	15480.67
847.966	15467.67
848.4	15548.67
848.834	15490.67
849.267	15649.67
849.701	15696.67
850.135	15435.67
850.569	15792.67
851.002	15604.67
851.436	15575.67
851.87	15674.67
852.303	15739.67
852.737	15567.67
853.17	15615.67
853.604	15597.67
854.037	15830.67
854.471	16041.67
854.904	15912.67
855.337	16150.67
855.771	16206.67
856.204	16103.67
856.637	16311.67
857.071	16309.67
857.504	16282.67
857.937	16202.67
858.37	16384.67
858.804	16191.67
859.237	16291.67
859.67	16260.67
860.103	16293.67
860.536	16193.67
860.969	16455.67
861.402	16368.67
861.835	16642.67
862.268	16722.67
862.701	16650.67
863.134	16792.67
863.566	16829.67
863.999	16787.67
864.432	16818.67
864.865	16855.67
865.298	17075.67
865.73	17003.67
866.163	16923.67
866.596	16946.67
867.028	16717.67
867.461	16899.67
867.893	16779.67
868.326	17025.67
868.758	17039.67
869.191	17014.67
869.623	17251.67
870.056	17178.67
870.488	17244.67
870.92	17265.67
871.353	17328.67
871.785	17155.67
872.217	17442.67
872.65	17258.67
873.082	17279.67
873.514	17255.67
873.946	17213.67
874.378	17344.67
874.81	17091.67
875.243	17142.67
875.675	16958.67
876.107	17032.67
876.539	17149.67
876.971	17355.67
877.403	17178.67
877.834	17311.67
878.266	17471.67
878.698	17496.67
879.13	17604.67
879.562	17751.67
879.994	17802.67
880.425	17878.67
880.857	17959.67
881.289	18030.67
881.72	18128.67
882.152	18296.67
882.584	18284.67
883.015	18324.67
883.447	18380.67
883.878	18445.67
884.31	18552.67
884.741	18640.67
885.173	18597.67
885.604	18742.67
886.035	18904.67
886.467	19080.67
886.898	19195.67
887.329	19452.67
887.76	19600.67
888.192	19662.67
888.623	19679.67
889.054	19816.67
889.485	19836.67
889.916	20036.67
890.347	20066.67
890.778	20049.67
891.209	20182.67
891.64	20289.67
892.071	20288.67
892.502	20211.67
892.933	20463.67
893.364	20229.67
893.795	20520.67
894.226	20775.67
894.657	20960.67
895.087	21034.67
895.518	21016.67
895.949	21053.67
896.38	21224.67
896.81	21207.67
897.241	21453.67
897.671	21536.67
898.102	21457.67
898.533	21722.67
898.963	21866.67
899.394	21717.67
899.824	21867.67
900.254	21901.67
900.685	21876.67
901.115	22071.67
901.546	22041.67
901.976	22160.67
902.406	22188.67
902.836	22425.67
903.267	22353.67
903.697	22503.67
904.127	22826.67
904.557	22823.67
904.987	22962.67
905.417	23116.67
905.847	23170.67
906.277	23281.67
906.707	23254.67
907.137	23431.67
907.567	23571.67
907.997	23373.67
908.427	23677.67
908.857	23612.67
909.287	23615.67
909.717	23721.67
910.146	23821.67
910.576	23743.67
911.006	23958.67
911.436	24212.67
911.865	24224.67
912.295	24269.67
912.724	24455.67
913.154	24564.67
913.584	24692.67
914.013	24531.67
914.443	24921.67
914.872	24991.67
915.302	24829.67
915.731	25017.67
916.16	25068.67
916.59	25075.67
917.019	25146.67
917.448	25024.67
917.878	25179.67
918.307	25093.67
918.736	25162.67
919.165	25256.67
919.594	25245.67
920.023	25315.67
920.452	25549.67
920.882	25295.67
921.311	25320.67
921.74	25296.67
922.169	25592.67
922.597	25412.67
923.026	25612.67
923.455	25397.67
923.884	25255.67
924.313	25152.67
924.742	25488.67
925.171	25206.67
925.599	25292.67
926.028	25123.67
926.457	25113.67
926.885	25035.67
927.314	24914.67
927.743	24857.67
928.171	24636.67
928.6	24524.67
929.028	24311.67
929.457	24305.67
929.885	24232.67
930.314	23978.67
930.742	23883.67
931.17	23795.67
931.599	23555.67
932.027	23420.67
932.455	23187.67
932.884	22869.67
933.312	22437.67
933.74	22114.67
934.168	21559.67
934.596	21042.67
935.025	20442.67
935.453	19825.67
935.881	19064.67
936.309	18259.67
936.737	17646.67
937.165	16910.67
937.593	15925.67
938.021	15374.67
938.449	14664.67
938.876	14025.67
939.304	13441.67
939.732	13026.67
940.16	12633.67
940.588	12242.67
941.015	11771.67
941.443	11581.67
941.871	11394.67
942.298	11217.67
942.726	11094.67
943.154	11134.67
943.581	11063.67
944.009	11062.67
944.436	11096.67
944.864	11207.67
945.291	11281.67
945.718	11417.67
946.146	11820.67
946.573	11895.67
947.001	12296.67
947.428	12528.67
947.855	12717.67
948.282	13249.67
948.71	13283.67
949.137	13585.67
949.564	14178.67
949.991	14439.67
950.418	14946.67
950.845	15237.67
951.272	15636.67
951.699	16071.67
952.126	16595.67
952.553	16914.67
952.98	17377.67
953.407	17655.67
953.834	18081.67
954.261	18586.67
954.688	18849.67
955.114	19281.67
955.541	19718.67
955.968	20102.67
956.395	20727.67
956.821	20859.67
957.248	21291.67
957.674	21885.67
958.101	22120.67
958.528	22503.67
958.954	22867.67
959.381	23171.67
959.807	23553.67
960.234	23928.67
960.66	24389.67
961.086	24676.67
961.513	25078.67
961.939	25339.67
962.365	25691.67
962.792	25937.67
963.218	26232.67
963.644	26189.67
964.07	26620.67
964.496	26669.67
964.923	27178.67
965.349	27201.67
965.775	27596.67
966.201	27795.67
966.627	28093.67
967.053	28448.67
967.479	28575.67
967.905	28963.67
968.331	29027.67
968.756	29074.67
969.182	29478.67
969.608	29536.67
970.034	29786.67
970.46	30170.67
970.885	30357.67
971.311	30322.67
971.737	30557.67
972.162	30641.67
972.588	30743.67
973.014	30905.67
973.439	31063.67
973.865	31029.67
974.29	30951.67
974.716	31335.67
975.141	31082.67
975.567	31171.67
975.992	31371.67
976.417	31544.67
976.843	31529.67
977.268	31578.67
977.693	31664.67
978.119	32070.67
978.544	31960.67
978.969	31964.67
979.394	32136.67
979.819	32093.67
980.244	32312.67
980.669	32091.67
981.095	32347.67
981.52	32218.67
981.945	32285.67
982.369	32355.67
982.794	32102.67
983.219	32006.67
983.644	32008.67
984.069	31929.67
984.494	31811.67
984.919	31820.67
985.343	31670.67
985.768	31559.67
986.193	31558.67
986.618	31491.67
987.042	31447.67
987.467	31560.67
987.891	31718.67
988.316	31701.67
988.741	31773.67
989.165	31921.67
989.59	31888.67
990.014	31970.67
990.438	31975.67
990.863	31889.67
991.287	31979.67
991.712	31764.67
992.136	32000.67
992.56	31920.67
992.984	31952.67
993.409	31865.67
993.833	31973.67
994.257	31941.67
994.681	31918.67
995.105	31997.67
995.529	32093.67
995.953	32148.67
996.377	32071.67
996.801	31764.67
997.225	31948.67
997.649	31759.67
998.073	31845.67
998.497	31985.67
998.921	32109.67
999.345	32203.67
999.769	32116.67
1000.192	31850.67
1000.616	31800.67
1001.04	31935.67
1001.464	31629.67
1001.887	31767.67
1002.311	31953.67
1002.734	31804.67
1003.158	31716.67
1003.582	31635.67
1004.005	31621.67
1004.429	31320.67
1004.852	31348.67
1005.275	31133.67
1005.699	31029.67
1006.122	30735.67
1006.546	30822.67
1006.969	30468.67
1007.392	30632.67
1007.815	30281.67
1008.239	30153.67
1008.662	29979.67
1009.085	29780.67
1009.508	29553.67
1009.931	29507.67
1010.354	29315.67
1010.778	29029.67
1011.201	29126.67
1011.624	28898.67
1012.047	28712.67
1012.469	28713.67
1012.892	28688.67
1013.315	28500.67
1013.738	28405.67
1014.161	28235.67
1014.584	27961.67
1015.007	27776.67
1015.429	27719.67
1015.852	27540.67
1016.275	27179.67
1016.697	27142.67
1017.12	27001.67
1017.543	26887.67
1017.965	26742.67
1018.388	26313.67
1018.81	26291.67
1019.233	26136.67
1019.655	25911.67
1020.078	25726.67
1020.5	25602.67
1020.922	25459.67
1021.345	25225.67
1021.767	24945.67
1022.189	24777.67
1022.612	24375.67
1023.034	24111.67
1023.456	24344.67
1023.878	24090.67
1024.301	23688.67
1024.723	23683.67
1025.145	23442.67
1025.567	23330.67
1025.989	23065.67
1026.411	22979.67
1026.833	22804.67
1027.255	22572.67
1027.677	22374.67
1028.099	22250.67
1028.52	22136.67
1028.942	21830.67
1029.364	21769.67
1029.786	21688.67
1030.208	21380.67
1030.629	21195.67
1031.051	20935.67
1031.473	20934.67
1031.894	20690.67
1032.316	20583.67
1032.738	20234.67
1033.159	20211.67
1033.581	19955.67
1034.002	19828.67
1034.424	19477.67
1034.845	19417.67
1035.267	19124.67
1035.688	18977.67
1036.109	18917.67
1036.531	18523.67
1036.952	18295.67
1037.373	18129.67
1037.794	17909.67
1038.216	17847.67
1038.637	17578.67
1039.058	17505.67
1039.479	17402.67
1039.9	17161.67
1040.321	17164.67
1040.742	16888.67
1041.163	16701.67
1041.584	16660.67
1042.005	16471.67
1042.426	16301.67
1042.847	16152.67
1043.268	16072.67
1043.689	15791.67
1044.11	15624.67
1044.53	15460.67
1044.951	15423.67
1045.372	15282.67
1045.793	15014.67
1046.213	14905.67
1046.634	14637.67
1047.055	14604.67
1047.475	14415.67
1047.896	14283.67
1048.316	13979.67
1048.737	13829.67
1049.157	13623.67
1049.578	13515.67
1049.998	13413.67
1050.419	13023.67
1050.839	12977.67
1051.259	12885.67
1051.68	12651.67
1052.1	12516.67
1052.52	12408.67
1052.94	12225.67
1053.361	12196.67
1053.781	12053.67
1054.201	11791.67
1054.621	11797.67
1055.041	11639.67
1055.461	11518.67
1055.881	11461.67
1056.301	11201.67
1056.721	11224.67
1057.141	10910.67
1057.561	10809.67
1057.981	10633.67
1058.401	10642.67
1058.82	10532.67
1059.24	10281.67
1059.66	10249.67
1060.08	10114.67
1060.499	9992.67
1060.919	9825.67
1061.339	9594.67
1061.758	9606.67
1062.178	9465.67
1062.598	9441.67
1063.017	9158.67
1063.437	9015.67
1063.856	8873.67
1064.276	8704.67
1064.695	8609.67
1065.114	8419.67
1065.534	8364.67
1065.953	8265.67
1066.372	8195.67
1066.792	8110.67
1067.211	8045.67
1067.63	8050.67
1068.049	7768.67
1068.469	7784.67
1068.888	7765.67
1069.307	7675.67
1069.726	7522.67
1070.145	7431.67
1070.564	7362.67
1070.983	7249.67
1071.402	7429.67
1071.821	7032.67
1072.24	6945.67
1072.659	6960.67
1073.078	6940.67
1073.496	6781.67
1073.915	6714.67
1074.334	6653.67
1074.753	6625.67
1075.171	6396.67
1075.59	6341.67
1076.009	6272.67
1076.427	6211.67
1076.846	6151.67
1077.265	6015.67
1077.683	5973.67
1078.102	5841.67
1078.52	5864.67
1078.939	5739.67
1079.357	5632.67
1079.776	5444.67
1080.194	5420.67
1080.612	5413.67
1081.031	5315.67
1081.449	5271.67
1081.867	5773.67
1082.285	5122.67
1082.704	5177.67
1083.122	5001.67
1083.54	5021.67
1083.958	4877.67
1084.376	4804.67
1084.794	4848.67
1085.212	4677.67
1085.63	4614.67
1086.048	4622.67
1086.466	4552.67
1086.884	4576.67
1087.302	4455.67
1087.72	4398.67
1088.138	4251.67
1088.555	4261.67
1088.973	4200.67
1089.391	4157.67
1089.809	4163.67
1090.226	3983.67
1090.644	3991.67
1091.062	3884.67
1091.479	3928.67
1091.897	3796.67
1092.314	3791.67
1092.732	3628.67
1093.15	3620.67
1093.567	3536.67
1093.984	3491.67
1094.402	3532.67
1094.819	3389.67
1095.237	3399.67
1095.654	3261.67
1096.071	3258.67
1096.488	3272.67
1096.906	3196.67
1097.323	3178.67
1097.74	3142.67
1098.157	3112.67
1098.574	3094.67
1098.991	2950.67
1099.409	2918.67
1099.826	2913.67
1100.243	2821.67
1100.66	2747.67
1101.077	2683.67
1101.494	2695.67
1101.91	2639.67
1102.327	2484.67
1102.744	2479.67
1103.161	2438.67
1103.578	2380.67
1103.994	2311.67
1104.411	2255.67
1104.828	2232.67
1105.245	2101.67
1105.661	2111.67
1106.078	2089.67
1106.494	2069.67
1106.911	2035.67
1107.328	1892.67
1107.744	1886.67
1108.161	1794.67
1108.577	1806.67
1108.993	1736.67
1109.41	1702.67
1109.826	1664.67
1110.242	1578.67
1110.659	1513.67
1111.075	1488.67
1111.491	1440.67
1111.908	1379.67
1112.324	1393.67
1112.74	1971.67
1113.156	1275.67
1113.572	1214.67
1113.988	1116.67
1114.404	1128.67
1114.82	1042.67
1115.236	1026.67
1115.652	989.67
1116.068	949.67
1116.484	776.67
1116.9	791.67
1117.316	746.67
1117.732	0.67
1118.147	3.67
1118.563	-7.33
1118.979	-7.33
