198.791	981.33
199.266	-176.67
199.74	31.33
200.215	-19.67
200.69	31.33
201.164	51.33
201.639	63.33
202.114	62.33
202.588	74.33
203.063	83.33
203.537	58.33
204.012	63.33
204.486	61.33
204.961	64.33
205.435	58.33
205.909	57.33
206.384	75.33
206.858	60.33
207.332	82.33
207.807	83.33
208.281	63.33
208.755	79.33
209.229	73.33
209.703	70.33
210.177	78.33
210.651	68.33
211.126	75.33
211.6	94.33
212.074	79.33
212.548	70.33
213.021	82.33
213.495	81.33
213.969	90.33
214.443	100.33
214.917	78.33
215.391	105.33
215.864	98.33
216.338	75.33
216.812	103.33
217.286	99.33
217.759	82.33
218.233	104.33
218.706	89.33
219.18	86.33
219.654	85.33
220.127	100.33
220.6	103.33
221.074	86.33
221.547	76.33
222.021	103.33
222.494	87.33
222.967	99.33
223.441	100.33
223.914	100.33
224.387	68.33
224.86	84.33
225.334	96.33
225.807	100.33
226.28	104.33
226.753	120.33
227.226	95.33
227.699	113.33
228.172	100.33
228.645	79.33
229.118	119.33
229.591	85.33
230.064	95.33
230.537	105.33
231.01	81.33
231.482	83.33
231.955	144.33
232.428	96.33
232.901	102.33
233.373	110.33
233.846	100.33
234.319	97.33
234.791	104.33
235.264	103.33
235.736	97.33
236.209	102.33
236.681	125.33
237.154	97.33
237.626	109.33
238.099	123.33
238.571	82.33
239.044	111.33
239.516	88.33
239.988	91.33
240.46	114.33
240.933	103.33
241.405	107.33
241.877	95.33
242.349	88.33
242.821	82.33
243.293	85.33
243.765	92.33
244.237	107.33
244.71	93.33
245.181	94.33
245.653	108.33
246.125	115.33
246.597	100.33
247.069	97.33
247.541	79.33
248.013	93.33
248.485	118.33
248.956	112.33
249.428	88.33
249.9	88.33
250.371	90.33
250.843	96.33
251.315	77.33
251.786	85.33
252.258	106.33
252.729	109.33
253.201	87.33
253.672	83.33
254.144	81.33
254.615	81.33
255.086	70.33
255.558	88.33
256.029	94.33
256.5	107.33
256.972	90.33
257.443	104.33
257.914	94.33
258.385	104.33
258.856	88.33
259.327	87.33
259.799	75.33
260.27	95.33
260.741	97.33
261.212	102.33
261.683	91.33
262.154	95.33
262.624	106.33
263.095	85.33
263.566	87.33
264.037	82.33
264.508	97.33
264.979	112.33
265.449	83.33
265.92	100.33
266.391	88.33
266.861	90.33
267.332	131.33
267.803	96.33
268.273	93.33
268.744	72.33
269.214	82.33
269.685	96.33
270.155	92.33
270.626	119.33
271.096	110.33
271.566	101.33
272.037	89.33
272.507	78.33
272.977	91.33
273.448	76.33
273.918	122.33
274.388	97.33
274.858	91.33
275.328	92.33
275.798	103.33
276.268	78.33
276.738	105.33
277.208	69.33
277.678	104.33
278.148	127.33
278.618	126.33
279.088	101.33
279.558	83.33
280.028	100.33
280.498	101.33
280.968	74.33
281.437	102.33
281.907	78.33
282.377	68.33
282.847	89.33
283.316	74.33
283.786	87.33
284.255	113.33
284.725	93.33
285.194	106.33
285.664	80.33
286.133	88.33
286.603	106.33
287.072	84.33
287.542	78.33
288.011	115.33
288.48	82.33
288.95	105.33
289.419	99.33
289.888	109.33
290.357	107.33
290.827	95.33
291.296	77.33
291.765	82.33
292.234	87.33
292.703	89.33
293.172	107.33
293.641	77.33
294.11	90.33
294.579	77.33
295.048	112.33
295.517	104.33
295.986	94.33
296.455	103.33
296.923	104.33
297.392	95.33
297.861	104.33
298.33	96.33
298.798	83.33
299.267	105.33
299.736	138.33
300.204	139.33
300.673	86.33
301.141	97.33
301.61	103.33
302.079	97.33
302.547	83.33
303.015	100.33
303.484	81.33
303.952	74.33
304.421	84.33
304.889	67.33
305.357	101.33
305.825	119.33
306.294	75.33
306.762	84.33
307.23	87.33
307.698	92.33
308.166	85.33
308.634	85.33
309.103	77.33
309.571	89.33
310.039	93.33
310.507	90.33
310.975	85.33
311.442	84.33
311.91	88.33
312.378	83.33
312.846	83.33
313.314	102.33
313.782	95.33
314.249	84.33
314.717	115.33
315.185	121.33
315.652	93.33
316.12	105.33
316.588	75.33
317.055	87.33
317.523	79.33
317.99	105.33
318.458	91.33
318.925	90.33
319.393	80.33
319.86	110.33
320.328	96.33
320.795	105.33
321.262	123.33
321.73	101.33
322.197	103.33
322.664	83.33
323.131	106.33
323.598	110.33
324.066	79.33
324.533	101.33
325	98.33
325.467	88.33
325.934	91.33
326.401	73.33
326.868	76.33
327.335	87.33
327.802	102.33
328.269	102.33
328.735	128.33
329.202	106.33
329.669	77.33
330.136	99.33
330.603	95.33
331.069	90.33
331.536	99.33
332.003	104.33
332.469	90.33
332.936	77.33
333.402	86.33
333.869	113.33
334.336	109.33
334.802	75.33
335.268	73.33
335.735	94.33
336.201	94.33
336.668	97.33
337.134	117.33
337.6	93.33
338.067	86.33
338.533	77.33
338.999	77.33
339.465	100.33
339.931	91.33
340.398	94.33
340.864	91.33
341.33	83.33
341.796	83.33
342.262	99.33
342.728	109.33
343.194	113.33
343.66	82.33
344.126	91.33
344.592	95.33
345.057	112.33
345.523	100.33
345.989	113.33
346.455	77.33
346.921	105.33
347.386	90.33
347.852	92.33
348.318	95.33
348.783	88.33
349.249	93.33
349.714	116.33
350.18	91.33
350.645	124.33
351.111	99.33
351.576	92.33
352.042	112.33
352.507	106.33
352.973	90.33
353.438	85.33
353.903	113.33
354.369	99.33
354.834	86.33
355.299	101.33
355.764	103.33
356.229	86.33
356.695	88.33
357.16	96.33
357.625	94.33
358.09	99.33
358.555	101.33
359.02	97.33
359.485	89.33
359.95	104.33
360.415	101.33
360.879	101.33
361.344	84.33
361.809	83.33
362.274	103.33
362.739	112.33
363.203	101.33
363.668	90.33
364.133	78.33
364.597	73.33
365.062	99.33
365.527	95.33
365.991	105.33
366.456	89.33
366.92	98.33
367.385	89.33
367.849	96.33
368.314	92.33
368.778	90.33
369.242	90.33
369.707	92.33
370.171	83.33
370.635	100.33
371.1	83.33
371.564	99.33
372.028	110.33
372.492	87.33
372.956	73.33
373.42	86.33
373.884	79.33
374.348	86.33
374.812	95.33
375.276	87.33
375.74	94.33
376.204	85.33
376.668	88.33
377.132	125.33
377.596	90.33
378.06	78.33
378.524	92.33
378.987	113.33
379.451	78.33
379.915	100.33
380.378	112.33
380.842	92.33
381.306	97.33
381.769	89.33
382.233	116.33
382.696	90.33
383.16	99.33
383.623	72.33
384.087	110.33
384.55	100.33
385.014	89.33
385.477	89.33
385.94	107.33
386.404	104.33
386.867	78.33
387.33	76.33
387.793	87.33
388.256	77.33
388.72	87.33
389.183	90.33
389.646	107.33
390.109	93.33
390.572	104.33
391.035	88.33
391.498	92.33
391.961	82.33
392.424	96.33
392.887	80.33
393.35	78.33
393.812	117.33
394.275	93.33
394.738	92.33
395.201	69.33
395.664	76.33
396.126	97.33
396.589	95.33
397.052	83.33
397.514	74.33
397.977	87.33
398.439	101.33
398.902	100.33
399.364	106.33
399.827	91.33
400.289	119.33
400.752	121.33
401.214	76.33
401.676	91.33
402.139	111.33
402.601	84.33
403.063	96.33
403.525	89.33
403.988	106.33
404.45	96.33
404.912	63.33
405.374	83.33
405.836	92.33
406.298	94.33
406.76	92.33
407.222	105.33
407.684	106.33
408.146	94.33
408.608	73.33
409.07	101.33
409.532	74.33
409.994	102.33
410.456	146.33
410.917	114.33
411.379	103.33
411.841	109.33
412.303	91.33
412.764	104.33
413.226	84.33
413.687	91.33
414.149	93.33
414.611	87.33
415.072	96.33
415.534	99.33
415.995	84.33
416.457	80.33
416.918	101.33
417.379	84.33
417.841	85.33
418.302	78.33
418.763	80.33
419.225	94.33
419.686	98.33
420.147	85.33
420.608	103.33
421.069	103.33
421.53	95.33
421.991	74.33
422.453	94.33
422.914	91.33
423.375	90.33
423.836	84.33
424.297	109.33
424.757	100.33
425.218	110.33
425.679	105.33
426.14	88.33
426.601	82.33
427.062	101.33
427.522	97.33
427.983	83.33
428.444	91.33
428.904	106.33
429.365	93.33
429.826	102.33
430.286	88.33
430.747	102.33
431.207	91.33
431.668	102.33
432.128	102.33
432.589	104.33
433.049	93.33
433.509	96.33
433.97	86.33
434.43	97.33
434.89	88.33
435.351	84.33
435.811	110.33
436.271	91.33
436.731	87.33
437.191	90.33
437.651	83.33
438.112	94.33
438.572	101.33
439.032	113.33
439.492	111.33
439.952	87.33
440.412	84.33
440.871	80.33
441.331	98.33
441.791	113.33
442.251	91.33
442.711	72.33
443.171	93.33
443.63	74.33
444.09	94.33
444.55	105.33
445.009	112.33
445.469	113.33
445.929	81.33
446.388	106.33
446.848	96.33
447.307	97.33
447.767	120.33
448.226	99.33
448.686	94.33
449.145	76.33
449.604	83.33
450.064	91.33
450.523	97.33
450.982	111.33
451.442	99.33
451.901	89.33
452.36	107.33
452.819	82.33
453.278	94.33
453.737	103.33
454.197	92.33
454.656	77.33
455.115	110.33
455.574	75.33
456.033	110.33
456.492	103.33
456.95	86.33
457.409	118.33
457.868	89.33
458.327	110.33
458.786	91.33
459.245	109.33
459.703	86.33
460.162	104.33
460.621	88.33
461.079	88.33
461.538	71.33
461.997	96.33
462.455	102.33
462.914	96.33
463.372	84.33
463.831	87.33
464.289	79.33
464.748	90.33
465.206	94.33
465.664	95.33
466.123	110.33
466.581	115.33
467.039	89.33
467.497	103.33
467.956	109.33
468.414	107.33
468.872	101.33
469.33	73.33
469.788	95.33
470.246	90.33
470.704	100.33
471.162	81.33
471.62	117.33
472.078	78.33
472.536	86.33
472.994	109.33
473.452	77.33
473.91	94.33
474.368	98.33
474.826	96.33
475.283	114.33
475.741	117.33
476.199	90.33
476.656	108.33
477.114	82.33
477.572	94.33
478.029	112.33
478.487	87.33
478.944	68.33
479.402	103.33
479.859	117.33
480.317	90.33
480.774	80.33
481.232	105.33
481.689	98.33
482.146	89.33
482.604	90.33
483.061	99.33
483.518	77.33
483.975	92.33
484.433	70.33
484.89	96.33
485.347	105.33
485.804	89.33
486.261	108.33
486.718	88.33
487.175	95.33
487.632	93.33
488.089	134.33
488.546	96.33
489.003	95.33
489.46	102.33
489.917	89.33
490.373	84.33
490.83	77.33
491.287	101.33
491.744	101.33
492.2	103.33
492.657	100.33
493.114	78.33
493.57	59.33
494.027	113.33
494.484	116.33
494.94	95.33
495.397	105.33
495.853	88.33
496.31	85.33
496.766	100.33
497.222	118.33
497.679	121.33
498.135	85.33
498.591	94.33
499.048	99.33
499.504	87.33
499.96	105.33
500.416	91.33
500.872	96.33
501.329	90.33
501.785	108.33
502.241	83.33
502.697	77.33
503.153	93.33
503.609	115.33
504.065	96.33
504.521	104.33
504.977	93.33
505.432	88.33
505.888	108.33
506.344	78.33
506.8	110.33
507.256	85.33
507.711	105.33
508.167	89.33
508.623	89.33
509.078	80.33
509.534	102.33
509.99	87.33
510.445	95.33
510.901	82.33
511.356	87.33
511.812	107.33
512.267	100.33
512.722	103.33
513.178	87.33
513.633	74.33
514.089	70.33
514.544	101.33
514.999	90.33
515.454	103.33
515.91	106.33
516.365	99.33
516.82	81.33
517.275	109.33
517.73	96.33
518.185	67.33
518.64	91.33
519.095	85.33
519.55	92.33
520.005	101.33
520.46	90.33
520.915	107.33
521.37	92.33
521.825	97.33
522.28	98.33
522.734	93.33
523.189	109.33
523.644	112.33
524.099	99.33
524.553	88.33
525.008	109.33
525.462	98.33
525.917	102.33
526.372	72.33
526.826	117.33
527.281	87.33
527.735	107.33
528.19	98.33
528.644	81.33
529.098	84.33
529.553	108.33
530.007	81.33
530.461	89.33
530.916	121.33
531.37	105.33
531.824	109.33
532.278	105.33
532.732	93.33
533.186	91.33
533.641	113.33
534.095	110.33
534.549	103.33
535.003	70.33
535.457	86.33
535.911	95.33
536.365	89.33
536.818	78.33
537.272	103.33
537.726	100.33
538.18	118.33
538.634	105.33
539.087	92.33
539.541	75.33
539.995	92.33
540.449	135.33
540.902	88.33
541.356	101.33
541.809	117.33
542.263	92.33
542.716	101.33
543.17	109.33
543.623	102.33
544.077	82.33
544.53	75.33
544.984	104.33
545.437	86.33
545.89	127.33
546.344	115.33
546.797	90.33
547.25	103.33
547.703	94.33
548.157	121.33
548.61	91.33
549.063	110.33
549.516	97.33
549.969	93.33
550.422	118.33
550.875	117.33
551.328	97.33
551.781	120.33
552.234	105.33
552.687	101.33
553.14	94.33
553.592	89.33
554.045	118.33
554.498	96.33
554.951	94.33
555.404	101.33
555.856	98.33
556.309	101.33
556.762	90.33
557.214	105.33
557.667	71.33
558.119	97.33
558.572	81.33
559.024	86.33
559.477	72.33
559.929	114.33
560.382	103.33
560.834	86.33
561.286	101.33
561.739	87.33
562.191	103.33
562.643	92.33
563.095	150.33
563.548	90.33
564	117.33
564.452	128.33
564.904	97.33
565.356	93.33
565.808	89.33
566.26	84.33
566.712	96.33
567.164	94.33
567.616	108.33
568.068	121.33
568.52	91.33
568.972	114.33
569.424	87.33
569.876	81.33
570.327	102.33
570.779	90.33
571.231	97.33
571.682	93.33
572.134	109.33
572.586	102.33
573.037	95.33
573.489	121.33
573.941	98.33
574.392	102.33
574.844	111.33
575.295	94.33
575.746	92.33
576.198	94.33
576.649	118.33
577.101	93.33
577.552	106.33
578.003	109.33
578.454	90.33
578.906	87.33
579.357	106.33
579.808	97.33
580.259	95.33
580.71	82.33
581.161	84.33
581.612	90.33
582.064	76.33
582.515	102.33
582.965	83.33
583.416	74.33
583.867	107.33
584.318	88.33
584.769	102.33
585.22	71.33
585.671	113.33
586.122	97.33
586.572	88.33
587.023	99.33
587.474	95.33
587.924	90.33
588.375	88.33
588.826	100.33
589.276	89.33
589.727	105.33
590.177	106.33
590.628	88.33
591.078	94.33
591.529	103.33
591.979	96.33
592.429	83.33
592.88	88.33
593.33	113.33
593.78	105.33
594.231	83.33
594.681	95.33
595.131	101.33
595.581	93.33
596.031	93.33
596.481	91.33
596.932	88.33
597.382	106.33
597.832	87.33
598.282	78.33
598.732	79.33
599.182	113.33
599.632	120.33
600.081	101.33
600.531	97.33
600.981	97.33
601.431	79.33
601.881	102.33
602.33	86.33
602.78	107.33
603.23	102.33
603.679	102.33
604.129	92.33
604.579	78.33
605.028	91.33
605.478	83.33
605.927	110.33
606.377	98.33
606.826	107.33
607.276	94.33
607.725	93.33
608.175	112.33
608.624	102.33
609.073	85.33
609.522	84.33
609.972	95.33
610.421	85.33
610.87	90.33
611.319	91.33
611.768	108.33
612.218	98.33
612.667	104.33
613.116	97.33
613.565	100.33
614.014	99.33
614.463	101.33
614.912	115.33
615.361	115.33
615.81	106.33
616.258	91.33
616.707	127.33
617.156	102.33
617.605	105.33
618.054	106.33
618.502	83.33
618.951	93.33
619.4	83.33
619.848	86.33
620.297	101.33
620.745	90.33
621.194	84.33
621.642	110.33
622.091	82.33
622.539	103.33
622.988	95.33
623.436	86.33
623.885	94.33
624.333	101.33
624.781	109.33
625.23	113.33
625.678	109.33
626.126	96.33
626.574	84.33
627.022	94.33
627.471	85.33
627.919	102.33
628.367	105.33
628.815	88.33
629.263	88.33
629.711	95.33
630.159	94.33
630.607	110.33
631.055	97.33
631.503	85.33
631.95	81.33
632.398	88.33
632.846	86.33
633.294	103.33
633.742	91.33
634.189	99.33
634.637	123.33
635.085	103.33
635.532	95.33
635.98	90.33
636.427	79.33
636.875	118.33
637.323	110.33
637.77	97.33
638.217	98.33
638.665	81.33
639.112	77.33
639.56	100.33
640.007	86.33
640.454	91.33
640.902	97.33
641.349	95.33
641.796	90.33
642.243	132.33
642.69	77.33
643.138	101.33
643.585	108.33
644.032	94.33
644.479	102.33
644.926	89.33
645.373	93.33
645.82	69.33
646.267	104.33
646.714	122.33
647.161	106.33
647.607	89.33
648.054	81.33
648.501	85.33
648.948	89.33
649.395	82.33
649.841	100.33
650.288	85.33
650.735	107.33
651.181	95.33
651.628	82.33
652.075	91.33
652.521	77.33
652.968	109.33
653.414	107.33
653.861	79.33
654.307	94.33
654.753	102.33
655.2	95.33
655.646	74.33
656.092	112.33
656.539	99.33
656.985	111.33
657.431	103.33
657.877	78.33
658.324	79.33
658.77	70.33
659.216	73.33
659.662	101.33
660.108	109.33
660.554	105.33
661	92.33
661.446	85.33
661.892	106.33
662.338	95.33
662.784	109.33
663.23	72.33
663.675	103.33
664.121	100.33
664.567	124.33
665.013	100.33
665.458	96.33
665.904	107.33
666.35	90.33
666.795	77.33
667.241	93.33
667.687	100.33
668.132	93.33
668.578	84.33
669.023	80.33
669.469	98.33
669.914	103.33
670.359	110.33
670.805	98.33
671.25	106.33
671.695	89.33
672.141	93.33
672.586	86.33
673.031	126.33
673.476	90.33
673.922	88.33
674.367	83.33
674.812	112.33
675.257	98.33
675.702	98.33
676.147	89.33
676.592	112.33
677.037	94.33
677.482	65.33
677.927	85.33
678.372	92.33
678.817	103.33
679.261	107.33
679.706	84.33
680.151	92.33
680.596	70.33
681.04	108.33
681.485	96.33
681.93	90.33
682.374	102.33
682.819	107.33
683.264	87.33
683.708	109.33
684.153	80.33
684.597	102.33
685.042	103.33
685.486	103.33
685.93	109.33
686.375	120.33
686.819	87.33
687.263	86.33
687.708	93.33
688.152	105.33
688.596	93.33
689.04	121.33
689.485	102.33
689.929	121.33
690.373	106.33
690.817	127.33
691.261	102.33
691.705	81.33
692.149	96.33
692.593	81.33
693.037	89.33
693.481	99.33
693.925	97.33
694.369	115.33
694.812	80.33
695.256	85.33
695.7	87.33
696.144	88.33
696.587	96.33
697.031	100.33
697.475	82.33
697.918	92.33
698.362	84.33
698.806	86.33
699.249	69.33
699.693	130.33
700.136	97.33
700.58	117.33
701.023	114.33
701.466	94.33
701.91	103.33
702.353	111.33
702.796	109.33
703.24	95.33
703.683	96.33
704.126	104.33
704.569	103.33
705.013	94.33
705.456	120.33
705.899	87.33
706.342	92.33
706.785	93.33
707.228	107.33
707.671	105.33
708.114	88.33
708.557	92.33
709	108.33
709.443	92.33
709.886	111.33
710.328	85.33
710.771	77.33
711.214	100.33
711.657	86.33
712.099	115.33
712.542	110.33
712.985	93.33
713.427	106.33
713.87	90.33
714.313	94.33
714.755	109.33
715.198	101.33
715.64	93.33
716.083	96.33
716.525	110.33
716.967	92.33
717.41	104.33
717.852	101.33
718.295	109.33
718.737	114.33
719.179	107.33
719.621	113.33
720.063	101.33
720.506	88.33
720.948	105.33
721.39	108.33
721.832	90.33
722.274	123.33
722.716	112.33
723.158	114.33
723.6	150.33
724.042	112.33
724.484	103.33
724.926	95.33
725.368	85.33
725.81	107.33
726.251	110.33
726.693	110.33
727.135	120.33
727.577	118.33
728.018	115.33
728.46	106.33
728.902	90.33
729.343	91.33
729.785	102.33
730.226	93.33
730.668	103.33
731.109	110.33
731.551	95.33
731.992	92.33
732.434	97.33
732.875	111.33
733.316	99.33
733.758	112.33
734.199	93.33
734.64	115.33
735.081	104.33
735.523	111.33
735.964	98.33
736.405	108.33
736.846	113.33
737.287	96.33
737.728	78.33
738.169	92.33
738.61	90.33
739.051	94.33
739.492	90.33
739.933	104.33
740.374	96.33
740.815	84.33
741.256	106.33
741.696	108.33
742.137	85.33
742.578	81.33
743.019	90.33
743.459	105.33
743.9	113.33
744.341	84.33
744.781	103.33
745.222	72.33
745.662	91.33
746.103	110.33
746.543	71.33
746.984	92.33
747.424	87.33
747.865	101.33
748.305	84.33
748.745	97.33
749.186	93.33
749.626	124.33
750.066	102.33
750.506	112.33
750.947	107.33
751.387	97.33
751.827	108.33
752.267	92.33
752.707	120.33
753.147	86.33
753.587	108.33
754.027	120.33
754.467	100.33
754.907	96.33
755.347	113.33
755.787	107.33
756.227	97.33
756.667	101.33
757.107	104.33
757.546	97.33
757.986	96.33
758.426	83.33
758.865	115.33
759.305	111.33
759.745	98.33
760.184	95.33
760.624	95.33
761.063	96.33
761.503	106.33
761.943	107.33
762.382	77.33
762.821	84.33
763.261	81.33
763.7	104.33
764.14	103.33
764.579	107.33
765.018	113.33
765.457	74.33
765.897	100.33
766.336	93.33
766.775	107.33
767.214	96.33
767.653	101.33
768.092	86.33
768.531	112.33
768.97	122.33
769.409	92.33
769.848	97.33
770.287	104.33
770.726	113.33
771.165	91.33
771.604	107.33
772.043	104.33
772.482	90.33
772.92	96.33
773.359	100.33
773.798	120.33
774.237	105.33
774.675	100.33
775.114	97.33
775.553	146.33
775.991	88.33
776.43	89.33
776.868	97.33
777.307	102.33
777.745	95.33
778.184	92.33
778.622	92.33
779.06	83.33
779.499	88.33
779.937	85.33
780.375	97.33
780.814	105.33
781.252	98.33
781.69	97.33
782.128	91.33
782.566	91.33
783.004	108.33
783.443	89.33
783.881	107.33
784.319	92.33
784.757	81.33
785.195	88.33
785.633	115.33
786.071	85.33
786.508	109.33
786.946	111.33
787.384	88.33
787.822	101.33
788.26	93.33
788.697	93.33
789.135	82.33
789.573	103.33
790.011	90.33
790.448	77.33
790.886	120.33
791.323	97.33
791.761	94.33
792.198	85.33
792.636	103.33
793.073	114.33
793.511	113.33
793.948	127.33
794.386	117.33
794.823	90.33
795.26	113.33
795.698	98.33
796.135	137.33
796.572	93.33
797.009	91.33
797.446	89.33
797.884	78.33
798.321	82.33
798.758	94.33
799.195	91.33
799.632	95.33
800.069	97.33
800.506	122.33
800.943	109.33
801.38	89.33
801.817	85.33
802.254	77.33
802.69	115.33
803.127	87.33
803.564	87.33
804.001	90.33
804.438	102.33
804.874	127.33
805.311	98.33
805.748	79.33
806.184	92.33
806.621	87.33
807.057	101.33
807.494	84.33
807.93	118.33
808.367	103.33
808.803	94.33
809.24	92.33
809.676	102.33
810.112	79.33
810.549	108.33
810.985	101.33
811.421	119.33
811.857	101.33
812.294	86.33
812.73	109.33
813.166	90.33
813.602	95.33
814.038	109.33
814.474	122.33
814.91	77.33
815.346	99.33
815.782	88.33
816.218	92.33
816.654	96.33
817.09	101.33
817.526	77.33
817.962	93.33
818.398	97.33
818.833	132.33
819.269	90.33
819.705	86.33
820.141	94.33
820.576	86.33
821.012	107.33
821.447	96.33
821.883	72.33
822.319	120.33
822.754	105.33
823.19	87.33
823.625	109.33
824.061	92.33
824.496	79.33
824.931	96.33
825.367	93.33
825.802	79.33
826.237	104.33
826.673	98.33
827.108	79.33
827.543	81.33
827.978	90.33
828.413	93.33
828.849	111.33
829.284	91.33
829.719	109.33
830.154	94.33
830.589	95.33
831.024	133.33
831.459	100.33
831.894	101.33
832.329	96.33
832.763	102.33
833.198	94.33
833.633	107.33
834.068	84.33
834.503	99.33
834.937	101.33
835.372	97.33
835.807	94.33
836.241	105.33
836.676	103.33
837.111	97.33
837.545	100.33
837.98	97.33
838.414	88.33
838.849	106.33
839.283	89.33
839.717	84.33
840.152	101.33
840.586	90.33
841.021	83.33
841.455	104.33
841.889	79.33
842.323	90.33
842.758	98.33
843.192	91.33
843.626	107.33
844.06	97.33
844.494	106.33
844.928	77.33
845.362	105.33
845.796	79.33
846.23	118.33
846.664	94.33
847.098	67.33
847.532	103.33
847.966	83.33
848.4	95.33
848.834	65.33
849.267	84.33
849.701	101.33
850.135	101.33
850.569	89.33
851.002	77.33
851.436	93.33
851.87	94.33
852.303	106.33
852.737	99.33
853.17	91.33
853.604	93.33
854.037	90.33
854.471	95.33
854.904	87.33
855.337	92.33
855.771	101.33
856.204	77.33
856.637	83.33
857.071	108.33
857.504	90.33
857.937	93.33
858.37	90.33
858.804	112.33
859.237	113.33
859.67	98.33
860.103	93.33
860.536	84.33
860.969	103.33
861.402	85.33
861.835	101.33
862.268	83.33
862.701	108.33
863.134	99.33
863.566	114.33
863.999	88.33
864.432	84.33
864.865	82.33
865.298	87.33
865.73	91.33
866.163	85.33
866.596	105.33
867.028	100.33
867.461	100.33
867.893	99.33
868.326	109.33
868.758	93.33
869.191	97.33
869.623	89.33
870.056	113.33
870.488	108.33
870.92	62.33
871.353	126.33
871.785	71.33
872.217	114.33
872.65	114.33
873.082	110.33
873.514	91.33
873.946	87.33
874.378	131.33
874.81	90.33
875.243	117.33
875.675	99.33
876.107	100.33
876.539	103.33
876.971	103.33
877.403	93.33
877.834	100.33
878.266	92.33
878.698	96.33
879.13	103.33
879.562	106.33
879.994	91.33
880.425	121.33
880.857	98.33
881.289	73.33
881.72	151.33
882.152	127.33
882.584	93.33
883.015	96.33
883.447	82.33
883.878	83.33
884.31	110.33
884.741	88.33
885.173	108.33
885.604	77.33
886.035	81.33
886.467	98.33
886.898	99.33
887.329	85.33
887.76	84.33
888.192	100.33
888.623	80.33
889.054	91.33
889.485	76.33
889.916	80.33
890.347	90.33
890.778	101.33
891.209	90.33
891.64	92.33
892.071	94.33
892.502	109.33
892.933	85.33
893.364	98.33
893.795	104.33
894.226	115.33
894.657	98.33
895.087	104.33
895.518	101.33
895.949	85.33
896.38	101.33
896.81	86.33
897.241	97.33
897.671	106.33
898.102	101.33
898.533	87.33
898.963	111.33
899.394	100.33
899.824	118.33
900.254	107.33
900.685	86.33
901.115	121.33
901.546	97.33
901.976	82.33
902.406	110.33
902.836	114.33
903.267	101.33
903.697	106.33
904.127	104.33
904.557	72.33
904.987	115.33
905.417	96.33
905.847	116.33
906.277	99.33
906.707	90.33
907.137	100.33
907.567	111.33
907.997	94.33
908.427	94.33
908.857	106.33
909.287	88.33
909.717	104.33
910.146	87.33
910.576	92.33
911.006	74.33
911.436	114.33
911.865	112.33
912.295	90.33
912.724	93.33
913.154	101.33
913.584	95.33
914.013	95.33
914.443	95.33
914.872	89.33
915.302	88.33
915.731	84.33
916.16	121.33
916.59	100.33
917.019	102.33
917.448	84.33
917.878	122.33
918.307	99.33
918.736	84.33
919.165	99.33
919.594	75.33
920.023	110.33
920.452	129.33
920.882	103.33
921.311	106.33
921.74	128.33
922.169	97.33
922.597	104.33
923.026	105.33
923.455	80.33
923.884	91.33
924.313	90.33
924.742	101.33
925.171	92.33
925.599	130.33
926.028	110.33
926.457	112.33
926.885	106.33
927.314	110.33
927.743	109.33
928.171	97.33
928.6	81.33
929.028	89.33
929.457	113.33
929.885	108.33
930.314	91.33
930.742	108.33
931.17	104.33
931.599	91.33
932.027	89.33
932.455	87.33
932.884	100.33
933.312	97.33
933.74	95.33
934.168	108.33
934.596	119.33
935.025	90.33
935.453	109.33
935.881	98.33
936.309	97.33
936.737	101.33
937.165	85.33
937.593	87.33
938.021	96.33
938.449	110.33
938.876	92.33
939.304	102.33
939.732	95.33
940.16	124.33
940.588	110.33
941.015	89.33
941.443	93.33
941.871	95.33
942.298	93.33
942.726	97.33
943.154	97.33
943.581	93.33
944.009	112.33
944.436	103.33
944.864	107.33
945.291	74.33
945.718	89.33
946.146	138.33
946.573	93.33
947.001	92.33
947.428	117.33
947.855	101.33
948.282	118.33
948.71	89.33
949.137	81.33
949.564	100.33
949.991	90.33
950.418	117.33
950.845	75.33
951.272	99.33
951.699	80.33
952.126	102.33
952.553	116.33
952.98	121.33
953.407	102.33
953.834	98.33
954.261	113.33
954.688	84.33
955.114	113.33
955.541	101.33
955.968	72.33
956.395	108.33
956.821	95.33
957.248	101.33
957.674	113.33
958.101	107.33
958.528	86.33
958.954	122.33
959.381	82.33
959.807	94.33
960.234	96.33
960.66	111.33
961.086	112.33
961.513	101.33
961.939	98.33
962.365	95.33
962.792	111.33
963.218	118.33
963.644	94.33
964.07	102.33
964.496	106.33
964.923	108.33
965.349	101.33
965.775	130.33
966.201	101.33
966.627	98.33
967.053	103.33
967.479	107.33
967.905	99.33
968.331	113.33
968.756	80.33
969.182	133.33
969.608	85.33
970.034	92.33
970.46	93.33
970.885	103.33
971.311	103.33
971.737	77.33
972.162	111.33
972.588	114.33
973.014	88.33
973.439	82.33
973.865	99.33
974.29	101.33
974.716	100.33
975.141	102.33
975.567	99.33
975.992	86.33
976.417	94.33
976.843	98.33
977.268	111.33
977.693	116.33
978.119	112.33
978.544	98.33
978.969	104.33
979.394	89.33
979.819	92.33
980.244	101.33
980.669	107.33
981.095	104.33
981.52	91.33
981.945	101.33
982.369	173.33
982.794	112.33
983.219	109.33
983.644	112.33
984.069	111.33
984.494	102.33
984.919	95.33
985.343	100.33
985.768	82.33
986.193	138.33
986.618	88.33
987.042	99.33
987.467	120.33
987.891	97.33
988.316	96.33
988.741	113.33
989.165	100.33
989.59	109.33
990.014	88.33
990.438	75.33
990.863	82.33
991.287	110.33
991.712	101.33
992.136	88.33
992.56	97.33
992.984	88.33
993.409	107.33
993.833	106.33
994.257	104.33
994.681	120.33
995.105	91.33
995.529	132.33
995.953	111.33
996.377	101.33
996.801	91.33
997.225	109.33
997.649	88.33
998.073	90.33
998.497	83.33
998.921	117.33
999.345	100.33
999.769	94.33
1000.192	80.33
1000.616	102.33
1001.04	107.33
1001.464	103.33
1001.887	90.33
1002.311	103.33
1002.734	94.33
1003.158	88.33
1003.582	100.33
1004.005	108.33
1004.429	105.33
1004.852	119.33
1005.275	87.33
1005.699	86.33
1006.122	95.33
1006.546	92.33
1006.969	95.33
1007.392	85.33
1007.815	131.33
1008.239	107.33
1008.662	90.33
1009.085	103.33
1009.508	101.33
1009.931	116.33
1010.354	117.33
1010.778	122.33
1011.201	143.33
1011.624	111.33
1012.047	93.33
1012.469	121.33
1012.892	93.33
1013.315	94.33
1013.738	103.33
1014.161	77.33
1014.584	104.33
1015.007	116.33
1015.429	91.33
1015.852	89.33
1016.275	92.33
1016.697	109.33
1017.12	97.33
1017.543	101.33
1017.965	135.33
1018.388	97.33
1018.81	110.33
1019.233	97.33
1019.655	106.33
1020.078	105.33
1020.5	96.33
1020.922	95.33
1021.345	116.33
1021.767	98.33
1022.189	96.33
1022.612	107.33
1023.034	95.33
1023.456	139.33
1023.878	105.33
1024.301	90.33
1024.723	98.33
1025.145	123.33
1025.567	94.33
1025.989	103.33
1026.411	91.33
1026.833	106.33
1027.255	99.33
1027.677	100.33
1028.099	78.33
1028.52	107.33
1028.942	96.33
1029.364	118.33
1029.786	113.33
1030.208	97.33
1030.629	90.33
1031.051	101.33
1031.473	92.33
1031.894	89.33
1032.316	96.33
1032.738	103.33
1033.159	99.33
1033.581	104.33
1034.002	99.33
1034.424	106.33
1034.845	102.33
1035.267	88.33
1035.688	114.33
1036.109	90.33
1036.531	128.33
1036.952	121.33
1037.373	100.33
1037.794	82.33
1038.216	136.33
1038.637	106.33
1039.058	83.33
1039.479	90.33
1039.9	96.33
1040.321	95.33
1040.742	95.33
1041.163	75.33
1041.584	88.33
1042.005	111.33
1042.426	79.33
1042.847	114.33
1043.268	87.33
1043.689	85.33
1044.11	97.33
1044.53	106.33
1044.951	99.33
1045.372	103.33
1045.793	117.33
1046.213	116.33
1046.634	102.33
1047.055	101.33
1047.475	106.33
1047.896	112.33
1048.316	83.33
1048.737	104.33
1049.157	98.33
1049.578	107.33
1049.998	114.33
1050.419	129.33
1050.839	82.33
1051.259	104.33
1051.68	101.33
1052.1	85.33
1052.52	106.33
1052.94	110.33
1053.361	142.33
1053.781	106.33
1054.201	111.33
1054.621	116.33
1055.041	83.33
1055.461	108.33
1055.881	104.33
1056.301	99.33
1056.721	122.33
1057.141	120.33
1057.561	109.33
1057.981	96.33
1058.401	106.33
1058.82	115.33
1059.24	83.33
1059.66	109.33
1060.08	118.33
1060.499	107.33
1060.919	85.33
1061.339	107.33
1061.758	110.33
1062.178	135.33
1062.598	125.33
1063.017	111.33
1063.437	110.33
1063.856	99.33
1064.276	91.33
1064.695	86.33
1065.114	79.33
1065.534	99.33
1065.953	112.33
1066.372	115.33
1066.792	113.33
1067.211	120.33
1067.63	116.33
1068.049	101.33
1068.469	89.33
1068.888	108.33
1069.307	123.33
1069.726	122.33
1070.145	105.33
1070.564	111.33
1070.983	101.33
1071.402	233.33
1071.821	102.33
1072.24	108.33
1072.659	122.33
1073.078	89.33
1073.496	108.33
1073.915	112.33
1074.334	96.33
1074.753	123.33
1075.171	89.33
1075.59	97.33
1076.009	84.33
1076.427	94.33
1076.846	132.33
1077.265	91.33
1077.683	98.33
1078.102	109.33
1078.52	125.33
1078.939	90.33
1079.357	95.33
1079.776	107.33
1080.194	80.33
1080.612	113.33
1081.031	107.33
1081.449	119.33
1081.867	394.33
1082.285	111.33
1082.704	112.33
1083.122	101.33
1083.54	122.33
1083.958	98.33
1084.376	97.33
1084.794	133.33
1085.212	124.33
1085.63	98.33
1086.048	112.33
1086.466	96.33
1086.884	93.33
1087.302	85.33
1087.72	117.33
1088.138	84.33
1088.555	96.33
1088.973	93.33
1089.391	108.33
1089.809	116.33
1090.226	115.33
1090.644	101.33
1091.062	87.33
1091.479	120.33
1091.897	105.33
1092.314	115.33
1092.732	89.33
1093.15	99.33
1093.567	86.33
1093.984	95.33
1094.402	114.33
1094.819	100.33
1095.237	119.33
1095.654	90.33
1096.071	93.33
1096.488	115.33
1096.906	78.33
1097.323	105.33
1097.74	99.33
1098.157	85.33
1098.574	125.33
1098.991	94.33
1099.409	117.33
1099.826	116.33
1100.243	86.33
1100.66	124.33
1101.077	105.33
1101.494	114.33
1101.91	115.33
1102.327	77.33
1102.744	92.33
1103.161	110.33
1103.578	90.33
1103.994	74.33
1104.411	88.33
1104.828	87.33
1105.245	101.33
1105.661	96.33
1106.078	96.33
1106.494	112.33
1106.911	113.33
1107.328	97.33
1107.744	94.33
1108.161	86.33
1108.577	91.33
1108.993	106.33
1109.41	75.33
1109.826	92.33
1110.242	77.33
1110.659	74.33
1111.075	80.33
1111.491	89.33
1111.908	64.33
1112.324	77.33
1112.74	465.33
1113.156	78.33
1113.572	74.33
1113.988	76.33
1114.404	75.33
1114.82	55.33
1115.236	66.33
1115.652	60.33
1116.068	79.33
1116.484	44.33
1116.9	62.33
1117.316	71.33
1117.732	3.33
1118.147	-5.67
1118.563	-1.67
1118.979	-7.67
