198.791	1042.5
199.266	-189.5
199.74	27.5
200.215	-16.5
200.69	120.5
201.164	135.5
201.639	134.5
202.114	138.5
202.588	136.5
203.063	153.5
203.537	127.5
204.012	107.5
204.486	130.5
204.961	153.5
205.435	133.5
205.909	137.5
206.384	161.5
206.858	135.5
207.332	164.5
207.807	159.5
208.281	130.5
208.755	171.5
209.229	166.5
209.703	131.5
210.177	163.5
210.651	155.5
211.126	154.5
211.6	186.5
212.074	147.5
212.548	115.5
213.021	143.5
213.495	147.5
213.969	177.5
214.443	204.5
214.917	150.5
215.391	200.5
215.864	182.5
216.338	185.5
216.812	179.5
217.286	216.5
217.759	157.5
218.233	192.5
218.706	166.5
219.18	168.5
219.654	168.5
220.127	175.5
220.6	175.5
221.074	167.5
221.547	149.5
222.021	216.5
222.494	182.5
222.967	188.5
223.441	228.5
223.914	168.5
224.387	160.5
224.86	146.5
225.334	224.5
225.807	182.5
226.28	206.5
226.753	229.5
227.226	176.5
227.699	199.5
228.172	194.5
228.645	171.5
229.118	206.5
229.591	179.5
230.064	176.5
230.537	203.5
231.01	166.5
231.482	190.5
231.955	262.5
232.428	194.5
232.901	213.5
233.373	194.5
233.846	199.5
234.319	168.5
234.791	207.5
235.264	203.5
235.736	210.5
236.209	212.5
236.681	243.5
237.154	170.5
237.626	191.5
238.099	242.5
238.571	135.5
239.044	204.5
239.516	170.5
239.988	198.5
240.46	188.5
240.933	201.5
241.405	232.5
241.877	187.5
242.349	178.5
242.821	163.5
243.293	177.5
243.765	162.5
244.237	182.5
244.71	191.5
245.181	200.5
245.653	189.5
246.125	195.5
246.597	190.5
247.069	187.5
247.541	164.5
248.013	178.5
248.485	220.5
248.956	202.5
249.428	178.5
249.9	180.5
250.371	167.5
250.843	199.5
251.315	200.5
251.786	161.5
252.258	193.5
252.729	195.5
253.201	169.5
253.672	189.5
254.144	164.5
254.615	183.5
255.086	158.5
255.558	175.5
256.029	199.5
256.5	196.5
256.972	190.5
257.443	204.5
257.914	197.5
258.385	194.5
258.856	159.5
259.327	180.5
259.799	161.5
260.27	192.5
260.741	189.5
261.212	177.5
261.683	192.5
262.154	167.5
262.624	198.5
263.095	165.5
263.566	161.5
264.037	173.5
264.508	207.5
264.979	208.5
265.449	167.5
265.92	185.5
266.391	188.5
266.861	180.5
267.332	236.5
267.803	181.5
268.273	153.5
268.744	157.5
269.214	172.5
269.685	184.5
270.155	181.5
270.626	190.5
271.096	202.5
271.566	195.5
272.037	155.5
272.507	167.5
272.977	231.5
273.448	184.5
273.918	204.5
274.388	162.5
274.858	189.5
275.328	161.5
275.798	190.5
276.268	151.5
276.738	192.5
277.208	152.5
277.678	205.5
278.148	245.5
278.618	232.5
279.088	181.5
279.558	167.5
280.028	201.5
280.498	192.5
280.968	157.5
281.437	212.5
281.907	188.5
282.377	160.5
282.847	164.5
283.316	146.5
283.786	186.5
284.255	221.5
284.725	182.5
285.194	201.5
285.664	163.5
286.133	190.5
286.603	183.5
287.072	187.5
287.542	144.5
288.011	208.5
288.48	184.5
288.95	164.5
289.419	184.5
289.888	223.5
290.357	195.5
290.827	179.5
291.296	160.5
291.765	173.5
292.234	169.5
292.703	155.5
293.172	197.5
293.641	151.5
294.11	166.5
294.579	164.5
295.048	188.5
295.517	197.5
295.986	201.5
296.455	179.5
296.923	218.5
297.392	199.5
297.861	204.5
298.33	180.5
298.798	171.5
299.267	200.5
299.736	232.5
300.204	250.5
300.673	183.5
301.141	207.5
301.61	178.5
302.079	210.5
302.547	153.5
303.015	195.5
303.484	159.5
303.952	159.5
304.421	186.5
304.889	124.5
305.357	205.5
305.825	227.5
306.294	153.5
306.762	170.5
307.23	192.5
307.698	180.5
308.166	192.5
308.634	181.5
309.103	170.5
309.571	193.5
310.039	183.5
310.507	180.5
310.975	205.5
311.442	162.5
311.91	165.5
312.378	191.5
312.846	166.5
313.314	183.5
313.782	202.5
314.249	185.5
314.717	212.5
315.185	211.5
315.652	167.5
316.12	206.5
316.588	159.5
317.055	184.5
317.523	156.5
317.99	211.5
318.458	164.5
318.925	189.5
319.393	174.5
319.86	208.5
320.328	167.5
320.795	219.5
321.262	203.5
321.73	206.5
322.197	210.5
322.664	180.5
323.131	183.5
323.598	208.5
324.066	158.5
324.533	187.5
325	210.5
325.467	161.5
325.934	193.5
326.401	168.5
326.868	187.5
327.335	162.5
327.802	200.5
328.269	196.5
328.735	225.5
329.202	199.5
329.669	168.5
330.136	183.5
330.603	183.5
331.069	198.5
331.536	181.5
332.003	198.5
332.469	181.5
332.936	150.5
333.402	209.5
333.869	205.5
334.336	213.5
334.802	154.5
335.268	154.5
335.735	183.5
336.201	190.5
336.668	192.5
337.134	215.5
337.6	183.5
338.067	164.5
338.533	172.5
338.999	175.5
339.465	216.5
339.931	162.5
340.398	180.5
340.864	199.5
341.33	170.5
341.796	188.5
342.262	192.5
342.728	201.5
343.194	224.5
343.66	175.5
344.126	174.5
344.592	204.5
345.057	194.5
345.523	184.5
345.989	227.5
346.455	180.5
346.921	193.5
347.386	166.5
347.852	200.5
348.318	167.5
348.783	186.5
349.249	193.5
349.714	210.5
350.18	172.5
350.645	269.5
351.111	188.5
351.576	178.5
352.042	223.5
352.507	213.5
352.973	193.5
353.438	174.5
353.903	239.5
354.369	185.5
354.834	178.5
355.299	183.5
355.764	191.5
356.229	156.5
356.695	175.5
357.16	191.5
357.625	175.5
358.09	207.5
358.555	177.5
359.02	209.5
359.485	185.5
359.95	192.5
360.415	207.5
360.879	185.5
361.344	196.5
361.809	171.5
362.274	189.5
362.739	225.5
363.203	204.5
363.668	169.5
364.133	148.5
364.597	146.5
365.062	208.5
365.527	205.5
365.991	175.5
366.456	185.5
366.92	196.5
367.385	180.5
367.849	198.5
368.314	192.5
368.778	184.5
369.242	192.5
369.707	205.5
370.171	155.5
370.635	209.5
371.1	177.5
371.564	198.5
372.028	215.5
372.492	174.5
372.956	146.5
373.42	191.5
373.884	150.5
374.348	166.5
374.812	189.5
375.276	169.5
375.74	180.5
376.204	184.5
376.668	173.5
377.132	257.5
377.596	170.5
378.06	170.5
378.524	199.5
378.987	211.5
379.451	170.5
379.915	189.5
380.378	182.5
380.842	186.5
381.306	200.5
381.769	198.5
382.233	211.5
382.696	185.5
383.16	183.5
383.623	141.5
384.087	213.5
384.55	191.5
385.014	179.5
385.477	174.5
385.94	205.5
386.404	188.5
386.867	170.5
387.33	156.5
387.793	172.5
388.256	166.5
388.72	162.5
389.183	170.5
389.646	188.5
390.109	185.5
390.572	196.5
391.035	182.5
391.498	168.5
391.961	176.5
392.424	173.5
392.887	169.5
393.35	175.5
393.812	229.5
394.275	172.5
394.738	188.5
395.201	147.5
395.664	191.5
396.126	214.5
396.589	185.5
397.052	168.5
397.514	187.5
397.977	185.5
398.439	207.5
398.902	179.5
399.364	203.5
399.827	196.5
400.289	220.5
400.752	212.5
401.214	178.5
401.676	159.5
402.139	197.5
402.601	167.5
403.063	181.5
403.525	195.5
403.988	202.5
404.45	210.5
404.912	162.5
405.374	190.5
405.836	175.5
406.298	168.5
406.76	159.5
407.222	207.5
407.684	211.5
408.146	173.5
408.608	130.5
409.07	188.5
409.532	184.5
409.994	187.5
410.456	263.5
410.917	208.5
411.379	162.5
411.841	191.5
412.303	176.5
412.764	220.5
413.226	147.5
413.687	195.5
414.149	178.5
414.611	178.5
415.072	186.5
415.534	205.5
415.995	176.5
416.457	169.5
416.918	201.5
417.379	161.5
417.841	165.5
418.302	163.5
418.763	162.5
419.225	197.5
419.686	198.5
420.147	186.5
420.608	191.5
421.069	185.5
421.53	198.5
421.991	158.5
422.453	170.5
422.914	192.5
423.375	189.5
423.836	203.5
424.297	207.5
424.757	199.5
425.218	196.5
425.679	204.5
426.14	182.5
426.601	170.5
427.062	206.5
427.522	200.5
427.983	180.5
428.444	172.5
428.904	213.5
429.365	207.5
429.826	182.5
430.286	167.5
430.747	183.5
431.207	187.5
431.668	183.5
432.128	195.5
432.589	191.5
433.049	179.5
433.509	186.5
433.97	192.5
434.43	187.5
434.89	198.5
435.351	147.5
435.811	213.5
436.271	191.5
436.731	162.5
437.191	171.5
437.651	165.5
438.112	195.5
438.572	228.5
439.032	217.5
439.492	182.5
439.952	181.5
440.412	166.5
440.871	182.5
441.331	182.5
441.791	198.5
442.251	163.5
442.711	154.5
443.171	164.5
443.63	159.5
444.09	203.5
444.55	204.5
445.009	201.5
445.469	203.5
445.929	172.5
446.388	194.5
446.848	190.5
447.307	185.5
447.767	206.5
448.226	210.5
448.686	185.5
449.145	167.5
449.604	169.5
450.064	184.5
450.523	175.5
450.982	197.5
451.442	183.5
451.901	197.5
452.36	202.5
452.819	177.5
453.278	190.5
453.737	181.5
454.197	192.5
454.656	185.5
455.115	230.5
455.574	162.5
456.033	182.5
456.492	193.5
456.95	175.5
457.409	228.5
457.868	176.5
458.327	185.5
458.786	221.5
459.245	221.5
459.703	174.5
460.162	182.5
460.621	178.5
461.079	197.5
461.538	188.5
461.997	182.5
462.455	167.5
462.914	192.5
463.372	161.5
463.831	170.5
464.289	178.5
464.748	191.5
465.206	180.5
465.664	197.5
466.123	211.5
466.581	221.5
467.039	183.5
467.497	214.5
467.956	194.5
468.414	225.5
468.872	200.5
469.33	172.5
469.788	175.5
470.246	185.5
470.704	181.5
471.162	170.5
471.62	209.5
472.078	180.5
472.536	173.5
472.994	200.5
473.452	152.5
473.91	213.5
474.368	184.5
474.826	164.5
475.283	228.5
475.741	225.5
476.199	191.5
476.656	184.5
477.114	177.5
477.572	206.5
478.029	212.5
478.487	186.5
478.944	170.5
479.402	198.5
479.859	213.5
480.317	199.5
480.774	144.5
481.232	214.5
481.689	194.5
482.146	146.5
482.604	211.5
483.061	210.5
483.518	174.5
483.975	165.5
484.433	166.5
484.89	196.5
485.347	183.5
485.804	183.5
486.261	231.5
486.718	168.5
487.175	200.5
487.632	174.5
488.089	274.5
488.546	183.5
489.003	165.5
489.46	188.5
489.917	182.5
490.373	159.5
490.83	175.5
491.287	217.5
491.744	206.5
492.2	210.5
492.657	172.5
493.114	151.5
493.57	151.5
494.027	209.5
494.484	239.5
494.94	193.5
495.397	206.5
495.853	191.5
496.31	182.5
496.766	202.5
497.222	225.5
497.679	233.5
498.135	165.5
498.591	195.5
499.048	195.5
499.504	216.5
499.96	188.5
500.416	155.5
500.872	165.5
501.329	170.5
501.785	201.5
502.241	169.5
502.697	180.5
503.153	198.5
503.609	211.5
504.065	233.5
504.521	187.5
504.977	207.5
505.432	173.5
505.888	179.5
506.344	177.5
506.8	205.5
507.256	166.5
507.711	181.5
508.167	196.5
508.623	204.5
509.078	167.5
509.534	208.5
509.99	176.5
510.445	175.5
510.901	173.5
511.356	178.5
511.812	201.5
512.267	200.5
512.722	185.5
513.178	189.5
513.633	140.5
514.089	150.5
514.544	219.5
514.999	185.5
515.454	200.5
515.91	188.5
516.365	201.5
516.82	176.5
517.275	201.5
517.73	203.5
518.185	162.5
518.64	177.5
519.095	191.5
519.55	199.5
520.005	194.5
520.46	172.5
520.915	230.5
521.37	186.5
521.825	218.5
522.28	180.5
522.734	209.5
523.189	200.5
523.644	202.5
524.099	190.5
524.553	179.5
525.008	217.5
525.462	195.5
525.917	187.5
526.372	157.5
526.826	207.5
527.281	199.5
527.735	220.5
528.19	213.5
528.644	158.5
529.098	161.5
529.553	191.5
530.007	164.5
530.461	198.5
530.916	236.5
531.37	203.5
531.824	204.5
532.278	206.5
532.732	211.5
533.186	177.5
533.641	218.5
534.095	227.5
534.549	176.5
535.003	163.5
535.457	175.5
535.911	211.5
536.365	175.5
536.818	170.5
537.272	204.5
537.726	217.5
538.18	219.5
538.634	184.5
539.087	191.5
539.541	173.5
539.995	180.5
540.449	238.5
540.902	176.5
541.356	202.5
541.809	262.5
542.263	213.5
542.716	176.5
543.17	214.5
543.623	217.5
544.077	163.5
544.53	177.5
544.984	192.5
545.437	207.5
545.89	255.5
546.344	203.5
546.797	189.5
547.25	202.5
547.703	225.5
548.157	209.5
548.61	206.5
549.063	182.5
549.516	221.5
549.969	206.5
550.422	238.5
550.875	229.5
551.328	226.5
551.781	221.5
552.234	210.5
552.687	204.5
553.14	208.5
553.592	180.5
554.045	215.5
554.498	202.5
554.951	171.5
555.404	203.5
555.856	213.5
556.309	223.5
556.762	213.5
557.214	189.5
557.667	173.5
558.119	174.5
558.572	182.5
559.024	180.5
559.477	175.5
559.929	197.5
560.382	223.5
560.834	153.5
561.286	214.5
561.739	188.5
562.191	184.5
562.643	198.5
563.095	276.5
563.548	201.5
564	223.5
564.452	247.5
564.904	183.5
565.356	205.5
565.808	174.5
566.26	204.5
566.712	197.5
567.164	206.5
567.616	210.5
568.068	213.5
568.52	184.5
568.972	179.5
569.424	185.5
569.876	168.5
570.327	213.5
570.779	185.5
571.231	204.5
571.682	175.5
572.134	230.5
572.586	188.5
573.037	215.5
573.489	212.5
573.941	199.5
574.392	203.5
574.844	223.5
575.295	208.5
575.746	167.5
576.198	192.5
576.649	204.5
577.101	193.5
577.552	194.5
578.003	213.5
578.454	172.5
578.906	177.5
579.357	216.5
579.808	197.5
580.259	179.5
580.71	180.5
581.161	181.5
581.612	184.5
582.064	152.5
582.515	202.5
582.965	160.5
583.416	157.5
583.867	224.5
584.318	169.5
584.769	194.5
585.22	154.5
585.671	223.5
586.122	198.5
586.572	184.5
587.023	201.5
587.474	195.5
587.924	203.5
588.375	202.5
588.826	216.5
589.276	181.5
589.727	205.5
590.177	204.5
590.628	190.5
591.078	202.5
591.529	217.5
591.979	178.5
592.429	162.5
592.88	171.5
593.33	208.5
593.78	193.5
594.231	173.5
594.681	195.5
595.131	206.5
595.581	181.5
596.031	225.5
596.481	165.5
596.932	187.5
597.382	200.5
597.832	181.5
598.282	159.5
598.732	158.5
599.182	239.5
599.632	214.5
600.081	212.5
600.531	198.5
600.981	221.5
601.431	167.5
601.881	210.5
602.33	213.5
602.78	188.5
603.23	197.5
603.679	219.5
604.129	200.5
604.579	154.5
605.028	202.5
605.478	182.5
605.927	219.5
606.377	191.5
606.826	226.5
607.276	196.5
607.725	172.5
608.175	208.5
608.624	209.5
609.073	180.5
609.522	171.5
609.972	180.5
610.421	188.5
610.87	194.5
611.319	162.5
611.768	223.5
612.218	195.5
612.667	184.5
613.116	186.5
613.565	196.5
614.014	202.5
614.463	191.5
614.912	232.5
615.361	182.5
615.81	173.5
616.258	189.5
616.707	228.5
617.156	190.5
617.605	229.5
618.054	216.5
618.502	141.5
618.951	193.5
619.4	180.5
619.848	183.5
620.297	189.5
620.745	198.5
621.194	176.5
621.642	218.5
622.091	187.5
622.539	209.5
622.988	183.5
623.436	201.5
623.885	183.5
624.333	215.5
624.781	212.5
625.23	202.5
625.678	215.5
626.126	216.5
626.574	182.5
627.022	175.5
627.471	186.5
627.919	222.5
628.367	187.5
628.815	181.5
629.263	187.5
629.711	170.5
630.159	206.5
630.607	211.5
631.055	184.5
631.503	168.5
631.95	131.5
632.398	205.5
632.846	180.5
633.294	197.5
633.742	206.5
634.189	200.5
634.637	234.5
635.085	176.5
635.532	200.5
635.98	177.5
636.427	166.5
636.875	192.5
637.323	205.5
637.77	184.5
638.217	187.5
638.665	171.5
639.112	180.5
639.56	185.5
640.007	196.5
640.454	169.5
640.902	197.5
641.349	194.5
641.796	207.5
642.243	245.5
642.69	166.5
643.138	215.5
643.585	216.5
644.032	192.5
644.479	220.5
644.926	174.5
645.373	201.5
645.82	161.5
646.267	223.5
646.714	200.5
647.161	224.5
647.607	156.5
648.054	154.5
648.501	171.5
648.948	210.5
649.395	168.5
649.841	210.5
650.288	184.5
650.735	192.5
651.181	184.5
651.628	165.5
652.075	188.5
652.521	168.5
652.968	193.5
653.414	221.5
653.861	186.5
654.307	183.5
654.753	176.5
655.2	182.5
655.646	166.5
656.092	219.5
656.539	211.5
656.985	209.5
657.431	203.5
657.877	173.5
658.324	166.5
658.77	155.5
659.216	163.5
659.662	180.5
660.108	206.5
660.554	205.5
661	178.5
661.446	186.5
661.892	207.5
662.338	204.5
662.784	204.5
663.23	165.5
663.675	241.5
664.121	172.5
664.567	236.5
665.013	181.5
665.458	207.5
665.904	222.5
666.35	197.5
666.795	184.5
667.241	165.5
667.687	179.5
668.132	193.5
668.578	161.5
669.023	178.5
669.469	214.5
669.914	210.5
670.359	220.5
670.805	199.5
671.25	207.5
671.695	180.5
672.141	191.5
672.586	159.5
673.031	205.5
673.476	198.5
673.922	171.5
674.367	195.5
674.812	223.5
675.257	211.5
675.702	205.5
676.147	209.5
676.592	234.5
677.037	189.5
677.482	140.5
677.927	171.5
678.372	182.5
678.817	194.5
679.261	196.5
679.706	169.5
680.151	154.5
680.596	149.5
681.04	196.5
681.485	180.5
681.93	189.5
682.374	223.5
682.819	191.5
683.264	202.5
683.708	212.5
684.153	167.5
684.597	213.5
685.042	211.5
685.486	205.5
685.93	202.5
686.375	244.5
686.819	183.5
687.263	186.5
687.708	192.5
688.152	186.5
688.596	198.5
689.04	250.5
689.485	188.5
689.929	208.5
690.373	205.5
690.817	233.5
691.261	198.5
691.705	171.5
692.149	221.5
692.593	205.5
693.037	199.5
693.481	202.5
693.925	214.5
694.369	217.5
694.812	181.5
695.256	184.5
695.7	187.5
696.144	178.5
696.587	214.5
697.031	189.5
697.475	171.5
697.918	179.5
698.362	188.5
698.806	161.5
699.249	164.5
699.693	237.5
700.136	207.5
700.58	248.5
701.023	212.5
701.466	196.5
701.91	204.5
702.353	206.5
702.796	192.5
703.24	223.5
703.683	183.5
704.126	206.5
704.569	180.5
705.013	190.5
705.456	221.5
705.899	179.5
706.342	143.5
706.785	192.5
707.228	216.5
707.671	216.5
708.114	189.5
708.557	206.5
709	222.5
709.443	173.5
709.886	222.5
710.328	162.5
710.771	166.5
711.214	189.5
711.657	149.5
712.099	251.5
712.542	200.5
712.985	217.5
713.427	236.5
713.87	205.5
714.313	190.5
714.755	208.5
715.198	184.5
715.64	175.5
716.083	187.5
716.525	181.5
716.967	170.5
717.41	198.5
717.852	203.5
718.295	213.5
718.737	252.5
719.179	196.5
719.621	223.5
720.063	205.5
720.506	162.5
720.948	203.5
721.39	204.5
721.832	178.5
722.274	233.5
722.716	200.5
723.158	195.5
723.6	229.5
724.042	206.5
724.484	174.5
724.926	177.5
725.368	183.5
725.81	187.5
726.251	191.5
726.693	200.5
727.135	232.5
727.577	221.5
728.018	215.5
728.46	234.5
728.902	175.5
729.343	180.5
729.785	213.5
730.226	189.5
730.668	208.5
731.109	236.5
731.551	184.5
731.992	175.5
732.434	200.5
732.875	201.5
733.316	209.5
733.758	227.5
734.199	184.5
734.64	235.5
735.081	203.5
735.523	215.5
735.964	193.5
736.405	204.5
736.846	214.5
737.287	195.5
737.728	160.5
738.169	173.5
738.61	204.5
739.051	196.5
739.492	192.5
739.933	177.5
740.374	193.5
740.815	167.5
741.256	223.5
741.696	209.5
742.137	183.5
742.578	191.5
743.019	211.5
743.459	222.5
743.9	196.5
744.341	182.5
744.781	209.5
745.222	149.5
745.662	201.5
746.103	221.5
746.543	236.5
746.984	184.5
747.424	166.5
747.865	180.5
748.305	194.5
748.745	181.5
749.186	178.5
749.626	241.5
750.066	204.5
750.506	217.5
750.947	217.5
751.387	197.5
751.827	205.5
752.267	185.5
752.707	221.5
753.147	166.5
753.587	191.5
754.027	208.5
754.467	214.5
754.907	185.5
755.347	220.5
755.787	207.5
756.227	189.5
756.667	182.5
757.107	193.5
757.546	207.5
757.986	194.5
758.426	182.5
758.865	199.5
759.305	211.5
759.745	185.5
760.184	186.5
760.624	201.5
761.063	192.5
761.503	212.5
761.943	211.5
762.382	166.5
762.821	188.5
763.261	157.5
763.7	197.5
764.14	217.5
764.579	199.5
765.018	236.5
765.457	181.5
765.897	183.5
766.336	214.5
766.775	220.5
767.214	188.5
767.653	206.5
768.092	168.5
768.531	185.5
768.97	218.5
769.409	168.5
769.848	174.5
770.287	209.5
770.726	189.5
771.165	169.5
771.604	212.5
772.043	207.5
772.482	197.5
772.92	213.5
773.359	209.5
773.798	239.5
774.237	217.5
774.675	177.5
775.114	192.5
775.553	271.5
775.991	192.5
776.43	172.5
776.868	215.5
777.307	179.5
777.745	182.5
778.184	180.5
778.622	178.5
779.06	182.5
779.499	184.5
779.937	179.5
780.375	206.5
780.814	197.5
781.252	206.5
781.69	182.5
782.128	184.5
782.566	190.5
783.004	208.5
783.443	185.5
783.881	192.5
784.319	185.5
784.757	165.5
785.195	194.5
785.633	206.5
786.071	177.5
786.508	205.5
786.946	216.5
787.384	177.5
787.822	199.5
788.26	201.5
788.697	182.5
789.135	191.5
789.573	180.5
790.011	184.5
790.448	168.5
790.886	222.5
791.323	176.5
791.761	200.5
792.198	164.5
792.636	216.5
793.073	200.5
793.511	212.5
793.948	250.5
794.386	198.5
794.823	185.5
795.26	236.5
795.698	191.5
796.135	232.5
796.572	194.5
797.009	219.5
797.446	167.5
797.884	165.5
798.321	180.5
798.758	195.5
799.195	180.5
799.632	184.5
800.069	205.5
800.506	221.5
800.943	227.5
801.38	177.5
801.817	189.5
802.254	172.5
802.69	203.5
803.127	178.5
803.564	156.5
804.001	167.5
804.438	186.5
804.874	235.5
805.311	182.5
805.748	160.5
806.184	165.5
806.621	192.5
807.057	176.5
807.494	162.5
807.93	224.5
808.367	212.5
808.803	194.5
809.24	190.5
809.676	212.5
810.112	159.5
810.549	220.5
810.985	217.5
811.421	200.5
811.857	183.5
812.294	159.5
812.73	217.5
813.166	169.5
813.602	186.5
814.038	212.5
814.474	213.5
814.91	180.5
815.346	199.5
815.782	185.5
816.218	195.5
816.654	177.5
817.09	200.5
817.526	204.5
817.962	181.5
818.398	177.5
818.833	244.5
819.269	190.5
819.705	182.5
820.141	167.5
820.576	171.5
821.012	209.5
821.447	178.5
821.883	151.5
822.319	211.5
822.754	203.5
823.19	182.5
823.625	211.5
824.061	183.5
824.496	157.5
824.931	175.5
825.367	193.5
825.802	189.5
826.237	179.5
826.673	172.5
827.108	164.5
827.543	183.5
827.978	221.5
828.413	185.5
828.849	221.5
829.284	183.5
829.719	200.5
830.154	177.5
830.589	165.5
831.024	233.5
831.459	195.5
831.894	215.5
832.329	173.5
832.763	200.5
833.198	223.5
833.633	190.5
834.068	159.5
834.503	200.5
834.937	171.5
835.372	187.5
835.807	206.5
836.241	184.5
836.676	205.5
837.111	221.5
837.545	178.5
837.98	177.5
838.414	189.5
838.849	185.5
839.283	211.5
839.717	152.5
840.152	217.5
840.586	180.5
841.021	166.5
841.455	207.5
841.889	176.5
842.323	175.5
842.758	193.5
843.192	185.5
843.626	202.5
844.06	163.5
844.494	232.5
844.928	177.5
845.362	175.5
845.796	184.5
846.23	210.5
846.664	186.5
847.098	143.5
847.532	196.5
847.966	172.5
848.4	176.5
848.834	160.5
849.267	194.5
849.701	193.5
850.135	196.5
850.569	169.5
851.002	159.5
851.436	200.5
851.87	180.5
852.303	214.5
852.737	191.5
853.17	204.5
853.604	192.5
854.037	176.5
854.471	203.5
854.904	181.5
855.337	197.5
855.771	188.5
856.204	164.5
856.637	190.5
857.071	187.5
857.504	174.5
857.937	199.5
858.37	183.5
858.804	240.5
859.237	210.5
859.67	208.5
860.103	183.5
860.536	179.5
860.969	209.5
861.402	150.5
861.835	162.5
862.268	182.5
862.701	182.5
863.134	198.5
863.566	212.5
863.999	171.5
864.432	180.5
864.865	160.5
865.298	172.5
865.73	178.5
866.163	171.5
866.596	175.5
867.028	184.5
867.461	191.5
867.893	206.5
868.326	221.5
868.758	194.5
869.191	178.5
869.623	156.5
870.056	205.5
870.488	192.5
870.92	142.5
871.353	224.5
871.785	161.5
872.217	193.5
872.65	204.5
873.082	197.5
873.514	179.5
873.946	173.5
874.378	251.5
874.81	177.5
875.243	248.5
875.675	192.5
876.107	208.5
876.539	210.5
876.971	204.5
877.403	200.5
877.834	185.5
878.266	191.5
878.698	197.5
879.13	210.5
879.562	183.5
879.994	195.5
880.425	205.5
880.857	190.5
881.289	169.5
881.72	281.5
882.152	242.5
882.584	213.5
883.015	160.5
883.447	170.5
883.878	162.5
884.31	197.5
884.741	155.5
885.173	192.5
885.604	159.5
886.035	155.5
886.467	198.5
886.898	190.5
887.329	201.5
887.76	201.5
888.192	200.5
888.623	172.5
889.054	156.5
889.485	173.5
889.916	177.5
890.347	181.5
890.778	181.5
891.209	206.5
891.64	193.5
892.071	179.5
892.502	225.5
892.933	176.5
893.364	192.5
893.795	189.5
894.226	199.5
894.657	183.5
895.087	213.5
895.518	200.5
895.949	179.5
896.38	198.5
896.81	174.5
897.241	208.5
897.671	214.5
898.102	199.5
898.533	174.5
898.963	198.5
899.394	181.5
899.824	203.5
900.254	208.5
900.685	178.5
901.115	217.5
901.546	164.5
901.976	200.5
902.406	200.5
902.836	214.5
903.267	189.5
903.697	200.5
904.127	204.5
904.557	152.5
904.987	216.5
905.417	313.5
905.847	206.5
906.277	181.5
906.707	197.5
907.137	197.5
907.567	212.5
907.997	193.5
908.427	207.5
908.857	171.5
909.287	173.5
909.717	180.5
910.146	159.5
910.576	189.5
911.006	174.5
911.436	210.5
911.865	225.5
912.295	164.5
912.724	192.5
913.154	183.5
913.584	201.5
914.013	184.5
914.443	185.5
914.872	176.5
915.302	186.5
915.731	167.5
916.16	250.5
916.59	209.5
917.019	238.5
917.448	171.5
917.878	221.5
918.307	192.5
918.736	182.5
919.165	180.5
919.594	179.5
920.023	193.5
920.452	223.5
920.882	234.5
921.311	182.5
921.74	237.5
922.169	190.5
922.597	197.5
923.026	199.5
923.455	160.5
923.884	203.5
924.313	170.5
924.742	216.5
925.171	173.5
925.599	247.5
926.028	211.5
926.457	229.5
926.885	195.5
927.314	212.5
927.743	195.5
928.171	181.5
928.6	182.5
929.028	167.5
929.457	205.5
929.885	218.5
930.314	173.5
930.742	181.5
931.17	197.5
931.599	172.5
932.027	181.5
932.455	194.5
932.884	196.5
933.312	182.5
933.74	201.5
934.168	211.5
934.596	197.5
935.025	187.5
935.453	209.5
935.881	194.5
936.309	185.5
936.737	234.5
937.165	174.5
937.593	167.5
938.021	213.5
938.449	219.5
938.876	159.5
939.304	213.5
939.732	210.5
940.16	227.5
940.588	229.5
941.015	161.5
941.443	184.5
941.871	195.5
942.298	194.5
942.726	192.5
943.154	194.5
943.581	182.5
944.009	212.5
944.436	174.5
944.864	212.5
945.291	161.5
945.718	195.5
946.146	262.5
946.573	189.5
947.001	186.5
947.428	207.5
947.855	199.5
948.282	224.5
948.71	182.5
949.137	171.5
949.564	207.5
949.991	200.5
950.418	209.5
950.845	145.5
951.272	216.5
951.699	153.5
952.126	177.5
952.553	224.5
952.98	206.5
953.407	178.5
953.834	193.5
954.261	206.5
954.688	181.5
955.114	209.5
955.541	187.5
955.968	158.5
956.395	203.5
956.821	198.5
957.248	205.5
957.674	195.5
958.101	186.5
958.528	169.5
958.954	258.5
959.381	214.5
959.807	170.5
960.234	186.5
960.66	223.5
961.086	204.5
961.513	170.5
961.939	210.5
962.365	199.5
962.792	206.5
963.218	190.5
963.644	172.5
964.07	194.5
964.496	201.5
964.923	211.5
965.349	195.5
965.775	236.5
966.201	214.5
966.627	174.5
967.053	223.5
967.479	193.5
967.905	172.5
968.331	234.5
968.756	158.5
969.182	227.5
969.608	178.5
970.034	182.5
970.46	219.5
970.885	210.5
971.311	200.5
971.737	186.5
972.162	212.5
972.588	225.5
973.014	185.5
973.439	173.5
973.865	185.5
974.29	198.5
974.716	197.5
975.141	200.5
975.567	164.5
975.992	170.5
976.417	216.5
976.843	192.5
977.268	218.5
977.693	203.5
978.119	210.5
978.544	194.5
978.969	201.5
979.394	182.5
979.819	205.5
980.244	208.5
980.669	203.5
981.095	223.5
981.52	177.5
981.945	198.5
982.369	297.5
982.794	205.5
983.219	212.5
983.644	201.5
984.069	213.5
984.494	198.5
984.919	187.5
985.343	187.5
985.768	184.5
986.193	233.5
986.618	182.5
987.042	186.5
987.467	228.5
987.891	197.5
988.316	181.5
988.741	221.5
989.165	230.5
989.59	199.5
990.014	205.5
990.438	190.5
990.863	174.5
991.287	208.5
991.712	189.5
992.136	160.5
992.56	185.5
992.984	179.5
993.409	212.5
993.833	216.5
994.257	223.5
994.681	227.5
995.105	191.5
995.529	260.5
995.953	224.5
996.377	221.5
996.801	180.5
997.225	210.5
997.649	183.5
998.073	186.5
998.497	203.5
998.921	224.5
999.345	184.5
999.769	191.5
1000.192	145.5
1000.616	203.5
1001.04	192.5
1001.464	180.5
1001.887	182.5
1002.311	201.5
1002.734	190.5
1003.158	179.5
1003.582	213.5
1004.005	188.5
1004.429	196.5
1004.852	235.5
1005.275	180.5
1005.699	155.5
1006.122	163.5
1006.546	178.5
1006.969	204.5
1007.392	190.5
1007.815	237.5
1008.239	178.5
1008.662	181.5
1009.085	200.5
1009.508	205.5
1009.931	229.5
1010.354	223.5
1010.778	228.5
1011.201	255.5
1011.624	215.5
1012.047	193.5
1012.469	242.5
1012.892	194.5
1013.315	177.5
1013.738	180.5
1014.161	151.5
1014.584	229.5
1015.007	220.5
1015.429	204.5
1015.852	204.5
1016.275	194.5
1016.697	230.5
1017.12	187.5
1017.543	230.5
1017.965	283.5
1018.388	159.5
1018.81	232.5
1019.233	173.5
1019.655	207.5
1020.078	213.5
1020.5	182.5
1020.922	176.5
1021.345	218.5
1021.767	189.5
1022.189	192.5
1022.612	209.5
1023.034	196.5
1023.456	241.5
1023.878	206.5
1024.301	193.5
1024.723	200.5
1025.145	226.5
1025.567	185.5
1025.989	178.5
1026.411	173.5
1026.833	199.5
1027.255	190.5
1027.677	193.5
1028.099	167.5
1028.52	212.5
1028.942	183.5
1029.364	225.5
1029.786	209.5
1030.208	219.5
1030.629	196.5
1031.051	203.5
1031.473	187.5
1031.894	183.5
1032.316	196.5
1032.738	228.5
1033.159	181.5
1033.581	211.5
1034.002	198.5
1034.424	212.5
1034.845	168.5
1035.267	182.5
1035.688	228.5
1036.109	195.5
1036.531	238.5
1036.952	224.5
1037.373	208.5
1037.794	197.5
1038.216	254.5
1038.637	219.5
1039.058	193.5
1039.479	191.5
1039.9	165.5
1040.321	191.5
1040.742	194.5
1041.163	173.5
1041.584	188.5
1042.005	207.5
1042.426	168.5
1042.847	236.5
1043.268	180.5
1043.689	159.5
1044.11	178.5
1044.53	205.5
1044.951	208.5
1045.372	192.5
1045.793	239.5
1046.213	199.5
1046.634	220.5
1047.055	211.5
1047.475	203.5
1047.896	235.5
1048.316	184.5
1048.737	185.5
1049.157	197.5
1049.578	205.5
1049.998	200.5
1050.419	246.5
1050.839	174.5
1051.259	220.5
1051.68	173.5
1052.1	171.5
1052.52	225.5
1052.94	190.5
1053.361	239.5
1053.781	212.5
1054.201	198.5
1054.621	232.5
1055.041	196.5
1055.461	227.5
1055.881	215.5
1056.301	178.5
1056.721	243.5
1057.141	227.5
1057.561	225.5
1057.981	153.5
1058.401	198.5
1058.82	228.5
1059.24	183.5
1059.66	201.5
1060.08	223.5
1060.499	209.5
1060.919	149.5
1061.339	183.5
1061.758	210.5
1062.178	235.5
1062.598	234.5
1063.017	208.5
1063.437	222.5
1063.856	192.5
1064.276	188.5
1064.695	182.5
1065.114	202.5
1065.534	191.5
1065.953	217.5
1066.372	187.5
1066.792	224.5
1067.211	223.5
1067.63	253.5
1068.049	217.5
1068.469	189.5
1068.888	204.5
1069.307	243.5
1069.726	227.5
1070.145	226.5
1070.564	195.5
1070.983	186.5
1071.402	440.5
1071.821	193.5
1072.24	206.5
1072.659	185.5
1073.078	189.5
1073.496	212.5
1073.915	206.5
1074.334	197.5
1074.753	245.5
1075.171	191.5
1075.59	208.5
1076.009	186.5
1076.427	162.5
1076.846	254.5
1077.265	170.5
1077.683	190.5
1078.102	203.5
1078.52	221.5
1078.939	166.5
1079.357	180.5
1079.776	201.5
1080.194	177.5
1080.612	212.5
1081.031	191.5
1081.449	214.5
1081.867	800.5
1082.285	199.5
1082.704	212.5
1083.122	206.5
1083.54	252.5
1083.958	209.5
1084.376	180.5
1084.794	233.5
1085.212	231.5
1085.63	200.5
1086.048	212.5
1086.466	175.5
1086.884	192.5
1087.302	200.5
1087.72	227.5
1088.138	160.5
1088.555	197.5
1088.973	167.5
1089.391	211.5
1089.809	212.5
1090.226	214.5
1090.644	208.5
1091.062	182.5
1091.479	217.5
1091.897	203.5
1092.314	225.5
1092.732	168.5
1093.15	207.5
1093.567	183.5
1093.984	181.5
1094.402	201.5
1094.819	175.5
1095.237	222.5
1095.654	200.5
1096.071	184.5
1096.488	222.5
1096.906	169.5
1097.323	224.5
1097.74	187.5
1098.157	190.5
1098.574	246.5
1098.991	170.5
1099.409	224.5
1099.826	210.5
1100.243	183.5
1100.66	230.5
1101.077	190.5
1101.494	219.5
1101.91	210.5
1102.327	175.5
1102.744	172.5
1103.161	186.5
1103.578	182.5
1103.994	171.5
1104.411	175.5
1104.828	182.5
1105.245	193.5
1105.661	167.5
1106.078	186.5
1106.494	210.5
1106.911	242.5
1107.328	190.5
1107.744	189.5
1108.161	165.5
1108.577	212.5
1108.993	220.5
1109.41	145.5
1109.826	166.5
1110.242	155.5
1110.659	140.5
1111.075	177.5
1111.491	171.5
1111.908	144.5
1112.324	152.5
1112.74	777.5
1113.156	177.5
1113.572	160.5
1113.988	146.5
1114.404	158.5
1114.82	131.5
1115.236	149.5
1115.652	144.5
1116.068	150.5
1116.484	112.5
1116.9	117.5
1117.316	137.5
1117.732	3.5
1118.147	-0.5
1118.563	-6.5
1118.979	-7.5
